[INFO] Init Queue
[INFO] Init Cam
[INFO] elasped time: 0.08
[INFO] approx. FPS: 11.78
[INFO] sampling THREADED frames from `picamera` module...
I2C am Start
     0      0      0
     0      0      0
     0      0      0
     0      0      0
     0      0      0
     0      0      0
     0      0      0
     0      0      0
     0      0      0
   438    546   7964
   880   1098  15942
   894   1108  15958
   908   1108  15958
   918   1108  15962
   930   1114  15962
   940   1114  15962
   940   1116  15964
   944   1118  15964
   950   1118  15964
   950   1118  15968
   944   1128  15978
   944   1128  15968
   944   1128  15968
   944   1140  15968
   950   1128  15968
   950   1128  15958
   956   1128  15952
   956   1140  15946
   962   1140  15946
   962   1140  15946
   964   1140  15928
   974   1230  15910
   974   1554  15910
   964   1554  15910
   974   1960  15934
  1116   1960  15920
  1344   1960  15814
  1440   1960  15768
  1266   2182  15768
  1440   2244  15550
  1440   2244  15550
  1440   2244  15550
  1440   2182  15358
  1450   2078  15302
  1450   2182  15302
  1502   2190  15302
  1450   2322  15564
  1450   2140  15564
  1400   2322  15564
  1424   2140  15302
  1424   2322  15564
  1424   2322  15810
  1424   2514  15810
  1450   2844  15564
  1424   2514  15302
  1376   2514  15302
  1288   2514  15302
  1162   2844  15564
  1288   2844  15810
  1288   2844  15810
  1156   2514  15810
  1312   2318  15810
  1312   2376  15810
  1064   2376  15958
  1064   2302  15958
  1064   2162  15936
  1064   2006  16086
  1064   2162  16086
   898   2006  15656
   820   2162  16086
   768   2006  16008
   708   1904  15580
   708   1904  15580
   610   1662  15832
   610   1904  16008
   728   1838  15832
   840   2162  15832
   846   2162  15260
   786   1708  15260
   786   1708  15832
   786   1634  15260
   726   2006  15832
   610   2006  15832
   726   2264  15832
   726   2190  15260
   726   2604  15832
   786   2604  15260
   786   2604  15832
   786   2730  15832
   786   2574  15286
   726   2574  14924
   906   2708  15370
  1080   2574  14924
  1156   2574  14924
  1156   2574  14924
  1080   2574  14924
  1080   2574  15474
   962   2282  16088
   962   2574  16012
   962   2708  16160
  1156   2738  16434
  1156   2708  16358
  1224   2708  16358
  1156   2408  16358
   962   2408  16632
   906   2092  16632
   906   2408  16700
  1050   2092  16700
  1130   2092  16700
  1130   2092  16796
  1224   2392  16796
  1458   2020  16796
  1592   2508  16796
  2102   3002  16728
  2034   2956  16728
  2034   2956  16728
  1542   2622  16896
  1542   2622  16800
  2034   2622  16800
  1542   2364  15864
  1542   2182  15864
  1542   2364  15814
  1542   2364  15814
  1542   2364  14868
  1542   2364  14868
  1542   2364  14868
   958   1954  14450
   798   1954  14450
   754   1954  14450
   792   1954  14450
   792   1954  14450
   792   1954  14450
   792   1116  14868
   540   1116  14868
   540   1116  14520
   540    540  14868
   540    458  14520
   876   1036  14868
   876    458  14868
  1238    274  15616
   876    458  14868
  1238    458  15488
   876    274  16380
  1238    274  16380
  1646    458  16380
  1646    458  16380
  1646    736  16380
  2102   1422  16380
  2102   1386  16380
  1646   1386  16380
  1442   1386  16380
  1570   1796  16380
  1602   1878  15834
  1744   1878  16380
  1602   1796  16870
  1602   1878  16726
  1474   1878  17282
  1236   1796  17282
   942   1796  17404
   942   1878  17800
  1236   2082  17800
  1236   2082  17800
  1236   2082  17800
  1236   2036  17800
  1236   2030  17800
   942   2234  17258
   724   2030  17800
   272   2094  17258
   272   2094  17258
   724   2234  16714
   962   2234  16730
   962   2094  16388
   724   2094  16730
   318   2094  16730
   724   2094  16592
   962   1902  16758
  1298   2094  16570
  1298   2234  16570
  1298   2292  16388
  1396   2234  16388
  1188   2286  16216
  1188   2094  15964
  1188   2094  16216
   806   2286  16216
   262   2152  16388
   806   1902  16388
   806   2230  16388
   806   2172  16388
  1188   2532  16570
  1188   2172  16736
   894   2172  16736
   406   2172  16736
   406   2408  16036
   406   1552  16036
     2   1552  15170
  -254   1212  15170
  -408    836  16036
  -694    836  15170
  -700    118  16036
 -1436    836  15170
 -1436    836  16410
 -2146    118  16410
 -2354     22  17344
 -2354     22  17178
 -2354     22  17178
 -2354    764  17178
 -2354    764  17366
 -2426    636  17366
 -2426     22  17366
 -2426     22  14976
 -2354   -540  14976
 -2146     22  14946
 -2146     22  14946
 -2354    636  14676
 -2146    636  14676
 -2146    636  14556
 -2022    278  14556
 -1502    278  14556
 -1014    892  14556
 -1014    278  14556
 -1268    278  14556
 -1268    892  14768
 -1170   1166  14768
  -924    892  14768
  -764    892  14768
  -924    474  16198
  -764    474  15072
  -764    -12  16382
  -924    672  15072
  -924   1236  16164
 -1086   1236  17290
 -1086    970  17778
 -1086    482  17778
  -920    482  17778
  -920    482  18648
 -1086    970  18648
 -1184    970  18648
 -1184    970  18648
 -1184    482  18456
 -1184    482  18456
 -1086    482  17560
 -1086     58  16704
 -1264   -424  16704
 -1702   -204  17162
 -1702     58  16704
 -1702   -184  16704
 -2168   -320  16704
 -1702   -184  16134
 -1338   -320  16704
 -1338   -320  16134
  -764   -320  15166
 -1338   -184  14876
  -764   -114  14876
 -1338   -320  15642
 -1702   -114  15642
 -1902   -114  15642
 -1804    716  15642
 -1960   -114  16592
 -1960    956  15642
 -1396   1058  16548
 -1396    174  16548
 -1396    174  16266
 -1396    174  15360
 -1396   1058  15020
 -2206    174  15360
 -3034    174  15020
 -3034   1058  15360
 -3034    928  15360
 -3034   1710  15360
 -2206   1906  15360
 -2206   1906  16266
 -2206   1710  17256
 -3062   1710  16266
 -3062   1710  15028
 -3062   1342  14606
 -2262   1342  14416
 -2600   1342  14416
 -3158   1342  13940
 -3158   1342  14416
 -3158   1342  14334
 -3158   1636  14442
 -2898   1636  14334
 -2222   2070  13966
 -1992   1636  14442
 -1772   1636  14442
 -1772   1690  14442
 -1318   1690  14442
 -1772   1690  14664
 -1992   1690  14174
 -1992   1396  14174
 -2222   1134  13880
 -1992    896  13880
 -1772    428  13880
 -1528    896  14174
 -1182   1024  14664
 -1182    756  14732
 -1110    428  14732
 -1110    286  15686
 -1320    286  14732
 -1320    756  14732
 -1636    520  14732
 -1794    756  14732
 -1794    520  14732
 -1794    520  14732
 -2200    542  14732
 -1794    542  14898
 -1794    542  15616
 -1382    542  14676
 -1314    434  15616
 -1314    178  16748
 -1252   -186  17106
 -1024    178  16748
 -1252     48  16748
 -1314     48  16070
 -1784   -418  15282
 -1314   -548  15824
 -1788    -54  15824
 -1314    434  15282
 -1314    -54  15820
 -1028    -54  15908
  -784   -548  15908
  -704   -622  16344
  -704   -622  16780
  -704   -622  16344
  -704   -622  16344
  -784   -844  16780
 -1154  -1246  16344
 -1154  -1246  16344
 -1154  -1024  16344
 -1154   -480  15908
 -1154    840  15820
 -1074    808  15820
  -596   1136  15908
  -484    808  16344
  -484    808  16344
  -484    808  16780
  -326    466  16780
  -326    466  16780
  -226    808  16780
  -226    808  17060
  -326    808  17060
  -484    808  16442
  -484   1136  15312
  -484   1136  15216
  -484   1136  15216
  -484   1136  14706
  -326   1136  15216
  -484    762  15216
  -868    762  14706
 -1322    266  15216
 -1534    266  15380
 -1534    266  15380
 -1534    -18  15380
 -1648    136  14870
 -1534    486  14132
 -1426    486  14132
 -1534    876  14132
 -1538    876  14482
 -2012    446  14482
 -2012    446  13280
 -2012    446  13022
 -1662    876  13486
 -1538    446  13486
 -1444     96  14482
 -1592    418  14482
 -1592    524  14482
 -2454    524  14482
 -2454   1338  15862
 -1592   1338  15862
 -1444   1338  15862
 -1444   1338  15124
 -1592   1310  16638
 -1784   2504  14866
 -1592   1546  14866
 -1592   1546  16604
 -1664   1546  16604
 -1664   1546  14866
 -1664    732  14866
 -1664    732  15770
 -1784    732  16604
 -1824    732  16604
 -1824    732  16604
 -1940    732  16714
 -2084    758  16604
 -1940   1206  16604
 -1940   1206  16714
 -1824   1206  16714
 -1824    758  16748
 -1940    758  16748
 -1940   1056  16714
 -1912   1056  16714
 -1704   1056  16714
 -1704    758  17370
 -1912    220  17370
 -1912    220  17370
 -1912    846  17370
 -1454    220  18204
 -1968    846  18204
 -2062   1200  18204
 -1540   1008  18204
 -1806   1008  18204
 -1806   1008  17260
 -1198   1008  16344
 -1198   1200  16344
 -1198   1200  16084
  -902   1008  16084
  -988   1200  15802
  -718   1200  15802
  -458   1008  15802
  -458    858  15902
  -718    626  15902
  -718    858  15518
  -718    858  15518
  -718   1064  15020
 -1014    858  15020
 -1348    858  13302
 -1348   1270  13302
 -1014    858  15020
 -1014    858  15020
  -640    626  15020
  -292   1256  13796
  -292    626  13796
  -640   1256  12692
  -292   1256  12692
  -640    626  15366
 -1064    626  15366
 -1064    394  17572
  -960    394  17492
 -1398    394  17492
 -1398   1102  17492
  -960   1822  17492
  -480   1088  17572
  -458   1822  17492
   540   1822  17756
   540   1822  17756
   540   1920  17756
   540   1920  18498
   266   2242  17688
   266   1920  17688
   382   2562  17456
  -592   2562  17456
  -592   2562  17456
   382   1864  17720
   382   1864  18286
   664   1864  17720
   760   2364  17456
  1006   2914  17456
  1006   2504  17872
  1006   2914  17872
  1006   2504  17218
  1006   2504  17664
  1018   2700  17218
  1212   2504  17120
  1212   2504  17120
  1212   2504  17120
  1302   2504  17120
  1642   2004  16650
  1642   1432  16650
  1642   2004  16650
  2022   2004  16650
  2022   2004  17194
  1676   1902  17194
  2022   2012  16470
  2300   1590  16470
  2300   1590  16470
  1782   1590  16470
  1368   1430  16470
  1368   1430  16176
  1782   1430  16470
  1368   1430  16796
  1782   1430  16254
  1782   1318  16796
  1792   1318  17600
  1368   1318  16584
  1368   1430  16042
  1114   1318  16584
   920   1318  17600
   920   1430  18206
  1182   1430  18206
   920   1430  18206
  1182   1590  17600
   920   1478  17600
   920   1580  17600
   920   2122  17650
   920   2442  17650
  1114   2442  17650
  1114   2442  16716
  1114   2442  16746
   906    838  17352
   906   2442  16418
   906    838  16418
   906   2442  16256
   906   2638  16256
  1080   2638  16106
  1080   2442  16418
  1080   2442  16106
  1282   2638  16106
  1074   2442  15128
   838   2028  15128
  1074   1078  15128
  1074    348  15128
  1282   1078  14084
  1332   1078  15128
   958    348  14530
  1156    348  14530
  1156    348  14530
  1332    348  14530
  1380    554  14530
  1546   1090  14250
  1546    554  14530
  1380    554  15064
  1296    348  15850
  1156    348  15064
  1204    348  15668
  1510    554  15668
  1510    724  15668
  1510    724  15668
  1510   1040  15668
  1798   1406  16018
  1510   1406  16018
  1204   1406  16378
  1204   1406  16378
  1204   1040  16378
  1204   1040  16378
  1510   1040  16636
   928   1406  16378
   928   1572  16636
  1094   1406  16196
  1248   1466  16636
  1248   1830  16196
  2152   2090  16196
  2152   2208  16196
  2152   2208  16334
  1676   2208  17024
  1676   2090  17138
  2342   2090  17138
  2636   1830  17250
  2636   2090  17250
  2192   2268  16334
  2636   2268  16334
  2636   2268  17028
  2192   2268  17778
  2508   2662  17778
  2986   2990  17778
  2986   2990  16862
  2986   2990  17778
  2508   2990  17296
  2198   3178  17296
  1548   3178  17296
  2198   2990  17430
  2198   2990  17544
  2198   2454  17362
  2198   2454  17544
  2198   1504  17362
  2078   2454  17114
  2046   1584  17114
  2046   1584  17114
  2078   1584  17114
  2060   1344  17114
  1690   1344  17114
  2060   1584  16748
  2060   1344  16492
  2060   1344  16492
  1918    782  16492
  1580   1344  16492
  1580    782  16442
  1580    782  16414
  1260    782  16442
  1412    782  16442
  1412   1344  16442
  1336    936  16414
  1412   1016  16414
  1472   1016  16414
  1472   2182  16394
  1412   1016  16394
  1336   1774  16394
  1124   1774  16394
   818   1774  16394
   818   3028  16446
   818   3028  16446
   818   1774  16526
   682   1774  16744
   230   1522  16526
   682   2688  16526
   818   2424  16744
  1124   2424  16794
  1124   2356  16794
  1380   2034  16794
  1124   2034  16726
   818   1188  16178
   682   1992  16726
   -32   1136  16726
  -836   1992  16178
  -836   1992  16178
  -148   2258  16726
  -148   1992  16848
   758   1992  16848
  1150   1136  16848
  1150    476  16228
  1188   1030  16020
   898   1662  15712
   898   1662  15210
   898   1030  15712
  -124    476  15712
  -124    476  15210
  -686    476  15210
   298    416  15712
   298    314  15712
   898     30  15928
   898    100  15928
  1600    100  15242
  1600    970  15242
  1600    100  15698
  1138    100  15928
  1138    100  15928
  1138    150  15698
  2192    970  15198
  1742    970  15198
  1138   1704  15198
  1050   2352  15198
  1742   2352  15198
  1820   2352  15676
  1866   3232  15676
  1866   3232  15676
  1866   2352  15906
  1866   1714  15906
  1542   1896  15676
  1488   2096  15676
  1488   2552  15460
  1488   2096  15460
  1410   1896  15460
  1410   1758  15676
  1410   1758  15786
   964   1574  15786
   442   1572  15786
   330   1572  16156
    72   1430  16156
  -392   1430  16514
  -392   1312  16514
 -1102    600  16680
 -2206   -448  16514
 -3268   -448  16680
 -3290   -448  16230
 -3290   -448  16680
 -3930   -448  16230
 -4292  -1030  16230
 -4374  -1042  16230
 -4520  -1042  16322
 -4520  -1042  17082
 -4520  -1472  17428
 -4520  -1606  17524
 -4520  -1606  17524
 -4374  -1606  17428
 -4374  -1606  17428
 -4374  -1386  17082
 -4292  -1354  16900
 -4080  -1354  17488
 -4080  -1372  17636
 -4080  -1606  18646
 -3828  -1372  18646
 -3678  -1206  18646
 -3570  -1010  18278
 -3570  -1206  18882
 -3570  -1010  18278
 -3068   -616  18278
 -2966   -286  18278
 -2966   -286  18520
 -2966   -286  17930
 -2966   -794  17930
 -3306   -286  17048
 -3306   -116  15910
 -3306   -116  15910
 -3306   -286  16550
 -2680   -116  14548
 -2156   -116  14548
 -2156   -116  16792
 -2680     72  14548
 -2680     72  14548
 -2680     72  13504
 -2562    230  13504
 -1768    230  14548
 -1904    230  14548
 -2546    230  13976
 -4028     98  14840
 -4206     98  14840
 -4206    396  13976
 -2724   1078  13610
 -1380    396  13902
  -740   1078  13902
  -740    984  14344
 -1248   1390  14344
 -2724   1390  14344
 -3282   1958  14344
 -3282   1958  14344
 -3282   1958  14344
 -3282   1958  14344
 -3282   1958  14344
 -3282   2636  14344
 -2824   2806  15082
 -2824   2806  15824
 -2824   2636  15824
 -2824   2636  15824
 -2590   2806  15824
 -2590   2806  15082
 -2590   2654  15824
 -2824   2032  15824
 -2824   1506  15948
 -3498   1654  15824
 -4144   1654  15948
 -3828   2106  15824
 -3828   3612  15824
 -3744   2106  15948
 -3744   1654  15824
 -3942   2756  15948
 -3942   4262  15948
 -3744   4262  15948
 -3604   2756  15948
 -3236   1654  15948
 -3236   1090  16888
 -3604    308  16446
 -3744    154  15046
 -3872   -352  15046
 -3872   -352  15046
 -3744    154  15046
 -3604    154  15046
 -3604    154  15046
 -3604    154  14538
 -3278   -352  15046
 -2970   -352  14538
 -2970   -582  14538
 -2970   -856  14538
 -2970   -856  14538
 -2388   -582  14538
 -2332   -856  13572
 -2252   -856  14538
 -2736   -856  14538
 -2836   -856  14564
 -2836  -1036  15236
 -2836  -1036  14564
 -2736  -1036  15236
 -2736  -1036  15620
 -2736  -1036  15620
 -2836  -1036  15620
 -2736  -1036  15620
 -2736  -1036  15620
 -2640   -458  15620
 -2640    350  15620
 -2640    350  15620
 -2736   -458  16130
 -2736    350  16130
 -2736    834  16300
 -2736    834  16300
 -2836    834  16300
 -2756   1326  16300
 -2740    834  16996
 -2740   1326  16300
 -2472   1724  14766
 -2472   1724  14766
 -2472   1326  14766
 -3016   1326  13650
 -3016   1326  13422
 -3016   1326  13422
 -3016    894  13032
 -3274    894  13650
 -3448    894  13650
 -3448   1410  13872
 -3448   2080  13872
 -3448   2080  13872
 -3314   2080  13636
 -3180   2080  13874
 -3180   1844  13636
 -3180   2442  13636
 -2948   1844  13874
 -2948   1844  13874
 -2948   1844  13874
 -2724   1056  14110
 -2724    674  14110
 -2948   1056  13874
 -3180   1844  13874
 -3180   1844  14110
 -2948   2442  14754
 -2724   2716  14110
 -2254   3160  14754
 -2254   2716  14754
 -2254   1844  15778
 -1518   1290  14728
 -1136   1290  15018
 -1136   2208  14454
 -1518   2162  15424
 -2254    990  15680
 -1518   2242  16322
 -1136   1336  16322
 -1136   1336  16322
 -1518   1336  16322
 -2116   1336  15680
 -1818   2334  14920
 -2026   2334  14920
 -1344   2334  15060
 -1344   2334  15680
 -1344   3210  15680
 -1344   2734  15060
 -1344   1858  15680
 -1344   1858  15060
  -210   1858  15060
  -210   2732  14804
   636   2732  15060
   636   2038  15818
  -498   1852  16526
  -200   2102  15884
   402   2426  17002
   480   2186  17002
  -438   2186  17002
   480   2426  15768
  1122   2426  15768
  1504   2426  17002
  1504   2426  17002
  1504   2426  17532
  1594   2186  17532
  1594   2186  17704
  1594   2186  17122
  1504   2324  17122
  1504   2704  16356
   952   2324  17122
   354   2324  17794
   952   2324  17794
  1008   2704  17532
  1042   2704  16356
  1974   2944  17296
  1974   2944  18718
  1974   2464  17296
  1042   2944  17296
  1042   2944  17296
   354   2204  18172
   354   1454  18716
   354   2204  18172
   354   2304  18716
   988   2304  18172
   354   2304  18172
   656   1454  18172
   656   1454  18172
   554   1454  18172
   228   1454  18172
   530   2550  18172
  1188   3438  18172
  1188   2452  18716
  1188   1926  18416
  1188   2814  18416
  1040   2366  16766
  1372   2366  15546
  1372   2366  16766
  1372   1926  16766
  1372   1926  15514
  1372   1816  14832
  1040   2366  14832
   840   2366  14832
   780   2366  14198
   780   2366  13918
   840   2762  13918
   850   2762  13538
   850   2762  13538
   850   2366  13538
  1050   2366  13720
   850   1348  13720
   780    422  13720
   780   1362  13720
   780   1440  14420
   780   1440  15054
   780   1730  15628
   780   2292  15314
   850   2292  15314
   850   2292  15314
   806   2292  16038
   680   3052  16038
   680   2292  15314
   680   1536  15314
   996   1536  16038
   996   1536  16614
   996   1536  16038
   874   1536  16614
  1124   1536  16614
  1124   1744  16614
   874   1536  16038
   874   1744  15314
  1124   2118  15314
   874   2118  15918
   874   2118  15306
   600   2118  15306
   600   2118  13796
   600   2118  15306
   600   2118  15306
   600   2612  13796
   600   2612  13796
   600   2118  14848
   600   2118  15316
   642   2118  15316
   642   2118  14848
   642   2522  14400
   600   2118  14848
   484   2118  14848
   484   2332  14848
   484   2994  14848
   484   2994  15316
   484   2312  15774
   484   2312  15774
   484   1868  15316
   330   1670  15884
    78   1670  15884
    78   1670  15884
  -258   1868  15884
  -466   1868  15316
  -466   1868  15884
  -258   2064  15884
    78   2314  15884
   330   2314  17022
   330   2314  18062
   330   2146  18062
    78   2026  18062
   330   2026  17510
   218   2026  16656
  -118   2026  16656
  -118   2026  17510
   162   2026  17510
   218   2026  17510
   218   1788  17510
   218   2026  17510
   218   2026  17510
   350   2026  17696
   350   1788  18628
   662   1788  17990
   662   1788  18314
   662   1788  17990
  1094   1788  17990
  1014   1474  17990
   346   1788  17438
   270   1474  17438
   218   1178  17438
   270   1474  17888
   270   1474  17888
   270   1814  18212
   346   1474  18212
  1080   1474  17888
  1358   1474  17628
  1358   1302  17228
   690    944  17478
  1358    -68  17478
  1358    944  17182
   690    944  16164
   526    944  15172
   526    470  15172
   804    758  15172
   846    758  15172
   682    758  15172
   846    758  15172
   846    142  15534
   846    758  15172
  1636   1452  15110
   846    758  14562
   682    142  14562
   846    142  14292
   846    978  13156
   846    978  11324
   682   1900  10618
   682   1900  11324
   682   1900  11324
   682   1940  12600
   682   1712  12600
   682   1712  13728
   696   1712  14270
   696   1940  13402
   696   1712  13402
   638   1940  13402
   638   1294  14500
   638   1294  13800
   638   1294  13402
   638    812  13800
   254    778  13800
   212    812  14668
   212    812  14668
   212    778  15492
   212    778  15492
   212    620  15492
   638    620  15492
   212    448  15492
   212    620  14668
  -244    448  15492
  -308    448  15680
  -308    448  14792
  -894    388  13834
 -1504    388  13834
 -1504    388  13834
 -1320    110  14792
  -738    110  14792
 -1320    110  15680
 -1864   -774  15680
 -1864  -2368  15640
 -2446  -2416  16008
 -2848  -2416  16008
 -4304  -1464  16008
 -5126  -1036  15070
 -5126  -1464  15884
 -5126  -2416  15884
 -5126  -2416  15884
 -5126  -1464  15418
 -5126  -2416  15418
 -5126  -1464  14824
 -4162  -1196  14708
 -3340  -1464  15056
 -3236  -1464  15418
 -3288  -1928  15810
 -3520  -1928  15418
 -4162  -1244  15418
 -5126  -1244  15418
 -4162   -828  15056
 -4162   -688  15418
 -3948   -688  15564
 -3948   -668  15056
 -3948   -668  15564
 -3520   -668  15564
 -3404   -688  15564
 -3404   -688  15564
 -3520   -184  17204
 -3520   -184  18752
 -3520   -688  19058
 -3520   -688  19058
 -3520   -688  19058
 -3844   -184  19058
 -5006   -184  18752
 -5006     24  18438
 -5006    492  18752
 -3832    500  19058
 -2660    500  19058
 -1726    760  18752
 -2660    760  18752
 -2660    808  18438
 -2660    808  17604
 -2660    760  17604
 -2556    760  16420
 -2556    760  15992
 -3592    760  16420
 -4118   1216  15992
 -3592   1872  15992
 -3592   1184  15992
 -3592   1872  15438
 -3592   1872  14760
 -2264   1872  14760
 -2264   2488  14426
 -2264   2520  14760
 -3592   2520  15366
 -3592   2928  15366
 -3592   2928  15366
 -3592   3010  14760
 -3682   3010  14760
 -3800   3010  14760
 -3274   3010  14822
 -3274   3010  15366
 -3176   3552  16154
 -2862   3552  16154
 -2862   3210  16154
 -2022   4020  15240
 -1416   4020  16154
 -2022   4020  15684
 -2862   4020  15684
 -2862   4020  16154
 -2862   4584  16154
 -2862   4584  16054
 -2862   4584  16364
 -2862   4584  16364
 -2822   4584  15894
 -2022   3948  15140
 -2026   3948  15140
 -2822   3178  15140
 -2822   3178  14660
 -2822   3178  14684
 -3224   2660  15106
 -2822   3178  14648
 -3224   2590  14648
 -3390   2590  13866
 -3224   2590  15106
 -3224   1656  15562
 -3224   1656  15106
 -3224   1656  13866
 -3254   2590  13042
 -3582   1656  12826
 -3746    844  12826
 -3792    410  13042
 -3792   -302  13042
 -3746   -302  13042
 -3746   -302  13702
 -3746  -1050  13702
 -3746   -128  13702
 -3134   -128  14508
 -2212  -1050  14892
 -2212  -1050  14776
 -2132  -1656  14392
 -1344  -1656  14776
   -18  -1598  14776
   -18  -1598  15544
 -1344  -1994  14776
 -1510  -1598  14776
 -2444  -1994  15544
 -2444  -1994  15982
 -2444  -1994  15982
 -2444  -1994  15982
 -2444  -1616  16044
 -1510  -1278  16044
 -1896  -1278  16044
 -1896  -1278  16044
 -1896   -732  16038
 -1896    184  16038
 -2444   -310  15544
 -2496   -310  15366
 -2670   -310  15366
 -2670   -310  15366
 -2670    184  15366
 -2764    184  14756
 -2764    202  14756
 -2670   -186  14756
 -2722   -186  14756
 -2722    202  14672
 -2396    202  14672
 -2490    202  14672
 -2490    202  14756
 -2490    832  14756
 -1860   1158  14756
 -1860   1158  14756
 -2560   1158  14672
 -2560    616  14756
 -2584    232  16074
 -3022    -14  16074
 -3022     18  17744
 -2584     18  18256
 -2632     18  17744
 -2632     18  17744
 -2632     18  17968
 -2188   -136  18196
 -2380   -222  17968
 -2596     18  17968
 -2380     18  17968
 -2380   -222  18196
 -2380     18  17968
 -1802    232  17968
 -1368     18  17968
 -1252   -222  17968
 -1252   -222  16206
 -1368   -222  14542
 -1252   -222  16206
 -1368    110  16206
 -1252    560  14542
 -1092   1054  15744
  -794   1812  15744
  -794   1812  15744
  -452   2504  15714
  -246   2690  16944
  -452   2854  15714
  -246   3024  15714
   622   3354  15564
   622   3354  16944
   276   3354  17300
   528   3354  17300
   828   3354  17300
   828   3354  16944
   528   3354  16622
   528   3354  16944
   528   3354  17300
   828   3360  17300
   828   3090  16944
  1174   3090  16944
   918   3090  16944
  1882   3090  17300
  1882   3028  16978
  1882   3028  16182
  1882   2900  16182
   918   2900  15640
  1716   2900  16182
  1716   2900  15640
  1716   2768  16182
  1716   2480  15640
  2646   2480  15640
  2646   2480  15640
  2912   2480  16182
  2976   1718  15786
  3102   1718  16816
  2976   1718  15208
  3214   2632  15018
  2976   1680  15208
  2710   1110  16728
  1824   1788  16580
  2632   1788  18136
  2632   1788  18136
  2632   1788  18136
  2632   1788  18336
  2468   2740  18336
  2632   2564  18608
  2620   1788  18608
  1956   1788  18608
  1312   2564  18608
  1312   2564  18608
   876   1788  18336
  1020   2564  18136
   304   1590  17238
   304   2564  18136
   304   2564  18136
   678   2890  18136
   678   2564  18136
   870   2564  18454
   870   2564  18454
   870   2890  18032
   678   2890  18032
   508   3344  16974
   508   3344  16974
   602   2890  16646
   216   2810  16646
   216   2508  15964
   602   2508  15964
   870   2030  16646
  1054   1296  16646
  1218   1898  16646
  1388   2030  16974
  1218   1898  16974
  1218   2030  16974
  1218   1898  16854
  1054   1564  15998
  1054   1564  15090
  1218   1564  15090
  1218   1564  15090
  1428   1564  15090
  1428    738  15090
  1784    738  15090
  1784    228  15090
  1428     20  15610
  1218    228  15610
  1428    228  15610
  1656    380  15610
  1880    890  15610
  1656   1400  15084
  1656   1656  14706
  1880   1400  15084
  1578    890  14706
  1880   1400  15084
  2238   1280  15408
  1880    862  15408
  2238   1372  15300
  2528   1372  15758
  2238    966  15960
  2110    966  15960
  1578    966  15960
  2110   1372  15960
  2252   1372  15758
  2252   1808  15406
  2252   2248  15406
  2252   1808  15406
  1578   2248  15758
  2078   1990  16472
  1460   1990  15758
  1562   1990  16472
  1460   1554  16488
  1392   1990  16488
  1448   1990  17148
  1448   1990  17148
  1446   1990  16808
  1272   1990  16244
   942   2104  16412
   942   1268  16412
  1272   1284  16092
  1272   1284  16092
  1312   1906  16092
  1312   1284  16092
  1072   1284  16098
  1072   1284  16412
  1072   1284  16098
  1312   1906  16098
  1312   1284  15930
  1072   1334  15758
  1072   1334  15930
  1072   1334  15930
  1072   1994  15764
  1312   1334  16098
  1072   1994  16098
   982   1994  16098
   982   1994  16098
   564   1994  16098
  1022   1994  16256
   564   1994  15764
   564   1994  16256
   986   1994  16256
   564   2360  16256
   138   2370  16256
   564   2042  17260
   506   2370  16084
   986   2370  17252
   986   2370  17252
  1182   2370  17936
  1182   1880  17936
  1182   1880  17936
  1182   1880  17936
  1538   1880  17936
  1182   2490  17680
  1182   2246  17680
  1182   1880  18018
  1182   1880  18018
  1538   2180  18018
  1396   2180  17680
  1396   2180  17680
  1098   2180  16850
   376   2180  16850
   860   1878  15818
  1514   2006  16850
  1514   2006  16850
  1584   1312  16850
  1346   1076  16850
  1346   1076  17468
   948   1076  17080
   948   1076  17080
   532   1468  16592
   376    958  17080
   376    958  17116
   532    642  17548
   850    642  17116
  1084    642  16592
  1084    642  16362
  1084    498  16592
  1084    348  17116
  1084    348  17116
  1084    388  17220
  1084    122  16832
   850    122  17220
   620   -172  16832
   620    122  16630
   620    388  16832
   596    388  16630
   500    388  16494
   500    388  16494
   500    388  16734
   500      6  16734
   500      6  16182
    18   -398  15764
  -662      6  15764
  -668   -174  16182
 -1078   -174  16612
 -1078    120  16814
 -1788    120  16814
 -2422    208  16612
 -2422   -174  16612
 -2518   -652  16612
 -2592   -538  16612
 -3216   -990  16182
 -4684   -990  16262
 -6382   -990  17904
 -6382   -990  17776
 -6382   -990  17776
 -4684  -1168  17776
 -3610  -1168  16298
 -3034   -990  15850
 -3034   -990  15850
 -3034   -990  16298
 -3034   -816  16874
 -3034   -816  16480
 -3034   -990  16480
 -2986  -1142  16480
 -3610  -1814  15850
 -4106  -1142  15488
 -3924  -1142  15488
 -4808  -1636  15850
 -4464   -816  15488
 -3924   -816  15850
 -3218   -276  15542
 -2872    408  15542
 -2280    336  15542
 -2872    336  15542
 -2872   -276  16292
 -2872    336  16868
 -3714    628  16868
 -4464    336  17732
 -4464    628  17732
 -4464    828  18482
 -4464    828  18482
 -4830    628  18482
 -4830    828  17544
 -4830    828  17264
 -4464    828  17264
 -3758    828  17264
 -3728    628  17384
 -2842    628  17384
 -2388    602  17384
 -2494    336  18202
 -2494    602  18202
 -2494     58  17384
 -3490    104  16254
 -3490    104  15618
 -4592   1130  15064
 -3490    104  15064
 -2494    104  15618
 -2494   1066  15618
 -2494   1066  15880
 -2022   1066  15618
 -2022   1548  14782
 -2022   1548  14812
 -2022   1066  15880
 -2654   1066  15880
 -2654   1548  15880
 -2654   1548  15880
 -2654   1548  15880
 -2654   1548  15880
 -2636   1726  15880
 -2636   2098  15880
 -3624   1726  15880
 -3624   2098  16282
 -2692   2496  16648
 -2692   2724  17178
 -2692   2238  17664
 -2692   2724  17664
 -2692   2724  17178
 -2692   2724  17178
 -2398   3024  17178
 -2398   3496  17178
 -2398   2936  17664
 -2056   2936  17178
 -2056   3496  16570
 -1882   3870  16288
 -1878   3496  16288
 -2056   3228  16288
 -2056   3228  16288
 -2398   3228  15776
 -2398   3228  15776
 -2212   2928  15222
 -2212   2928  15232
 -2300   2084  15232
 -2300    918  15232
 -2300    824  15232
 -2144    854  15182
 -2144    854  15232
 -2144    642  15232
 -1878    642  15232
 -1878    540  15182
 -1878    540  15182
 -1610    540  14884
 -1610    540  14884
 -1358    540  15182
 -1358    540  14730
  -950    326  16226
  -950     66  17516
 -1358    188  16226
 -1358    326  16226
 -1876    326  16226
 -1358    326  16848
  -956    326  16848
  -956    188  16370
 -1358    326  16046
 -1172    326  16046
 -1172    326  16370
 -1252    194  16370
 -1358    194  16046
 -1376    326  16046
 -1274    194  16046
 -1376    194  16046
 -1270    326  16046
 -1168    326  15104
 -1270    326  14390
 -1270    194  15104
 -1270    326  14390
 -1168    326  14390
 -1168    272  15104
 -1044    276  15104
  -904     34  16046
 -1044     34  15104
 -1044     34  15104
 -1044     34  14764
 -1044     34  14764
 -1124    -98  14764
 -1270    -98  14390
 -1146   1002  14390
 -1146   1002  14764
 -1256   1002  14340
 -1256   2114  14246
  -934   1002  14684
 -1256    -98  14684
 -1538    396  14684
 -1538    396  14722
 -1584    942  14722
 -1706    370  16008
 -1706    942  14722
 -1584   1548  14722
 -1584   1142  16008
 -1706   1670  15916
 -1584   1142  16204
 -1584   1830  16204
 -1584   1830  16204
 -1706   1142  16204
 -1706   1142  16204
 -1994    942  16204
 -1994    942  15412
 -1994    942  15412
 -1686    842  16204
 -1994    114  16810
 -1994    842  16204
 -1686    842  16810
 -1872    638  16810
 -1012    -90  16810
  -972    -90  16810
  -434    638  16204
  -434    638  16204
  -434    638  16204
  -416    638  15412
   -66    638  15412
   -66    984  16018
  -416    638  14530
   -66    984  13796
   398   1690  15408
   696   2270  13796
   858   2620  15408
   696   2270  15408
   696   2310  15194
   858   2622  13796
   858   3020  13796
   696   2622  13202
   696   2622  13202
   696   3020  15070
   858   3554  14600
   858   3554  14554
   696   3020  14554
   858   3466  16422
   804   2734  16422
   430   2424  16422
   430   2734  15540
   826   2884  14996
   826   2884  14996
   430   2424  14996
   430   2884  13924
    56   2424  14996
    56   2290  14996
    56   2424  15832
   388   2402  14996
   388   2402  14996
   730   2402  14996
   798   2458  14996
   798   2458  14996
   890   2324  14996
   952   1574  15832
   952    818  14996
  1236   1574  14996
  1236    818  14996
  1236    818  14996
  1420   1574  15946
  1236    818  15946
   952    818  15744
   952   1574  16784
   952   1290  16784
   952    818  16940
  1010   1290  16760
  1010   1710  16474
  1264   1710  16474
  1264   1710  16474
  1264   1710  16474
  1010   1290  15614
   492   1290  15614
   492   1710  15614
   492   1928  15614
   492   1928  15412
   492   1958  15412
   -26   1750  16142
   -96   1750  15412
   -96   1958  15412
   -96   1958  15412
   -96   2136  16142
  -278   2136  16142
   -14   1958  15774
   454   2136  16142
   444   2136  16142
   444   2262  16610
   248   2136  16882
   -14   2262  16414
   248   2620  16414
   248   2620  16414
   624   3060  16938
   830   2620  17278
   624   2620  17512
   624   2620  17222
   624   2620  17222
   624   2620  17222
   624   3060  17222
   830   3060  17222
   830   2620  17222
   624   3060  16908
   334   3060  16218
   624   3240  16218
   896   3240  16908
   896   3240  15794
  1184   3240  14784
  1184   3642  14634
  1410   3642  14634
  1410   2860  14784
  1184   2860  14784
  1184   3098  14784
  1184   2330  14784
   606   2330  14634
   606   1916  14228
   606   1916  14634
     8   2154  14762
   818   2236  14762
  1604   2236  14762
  1026   2236  14786
  1026   2600  14786
  1026   2600  14786
   976   2600  14910
   976   2600  15034
   -42   2670  14910
   -42   2670  14910
   -42   2712  14888
  -176   2670  15034
  -386   2670  15034
  -176   2670  14888
     6   2670  14888
     6   2670  14888
  -338   2670  14560
  -338   2670  14888
     6   2670  15034
  -338   2670  15034
  -338   2670  14988
  -338   3124  14660
  -338   2670  14660
     6   2670  14660
     6   3124  14660
   296   2176  16064
   162   1098  16064
  -440    842  16178
  -250    278  17676
  -562    278  17676
  -562    278  17676
  -776    278  17676
  -562    842  16994
  -562    842  17766
  -562    542  17766
  -260    842  17766
   180    542  17766
   180    842  17146
   180   1634  16748
   566    842  17146
   566    842  17146
   566    842  17146
   566   1476  16748
   180   1654  16074
   566   1654  16074
   566   1826  16074
   566   1984  16074
   566   2012  16074
   710   2030  16074
   842   1906  16644
   756   1906  16740
  1138   2004  16740
  1550   1906  16844
  1550   2004  16844
  1550   2110  16844
  1550   2110  16844
  1550   2110  17038
  1588   2004  17456
  1780   2004  17456
  1780   2370  17038
  2172   2370  17456
  1780   2370  17456
  1780   2004  17768
  1780   2004  17874
  1710   2370  17874
  1710   2004  17730
  1710   2004  17730
  2026   2116  17312
  2176   2116  17312
  2026   2292  16806
  2026   2356  15418
  2026   2212  14884
  1710   2212  14884
  1710   1914  14546
  1710   1914  14546
  1202   1914  14546
  1202   1914  14384
   610   2212  14384
    90   1914  14384
  -264   1914  14384
  -602   1914  14384
 -1298    944  14384
 -1978    944  14216
 -1978   2212  13798
 -2248    944  14216
 -2248   2112  14216
 -2248   1148  14216
 -2640    -20  14486
 -3540   -120  14486
 -4306   -120  14486
 -4306   -120  15224
 -4858   -120  15958
 -5626   -166  15224
 -6022    794  15224
 -6022   -166  15958
 -6022   -166  15958
 -6022    636  15958
 -6022  -1262  15224
 -6018    318  15224
 -5828  -1084  16006
 -5828  -2566  16202
 -5060  -2396  16006
 -4286  -1266  16006
 -5060  -2396  16006
 -4916  -1266  15396
 -4916  -1874  15396
 -4916  -1874  15542
 -4916   -752  14698
 -4286   -752  14426
 -3836   -752  14216
 -3836  -1128  13860
 -3384   -520  12990
 -3384   -126  13860
 -3384   -520  12990
 -3628   -126  12990
 -3628   -126  12230
 -3628   -126  12230
 -3628    -22  12340
 -3628   -126  12340
 -3628   -126  12340
 -3384    -22  12340
 -3600    446  13210
 -3676    446  13210
 -3676    446  14216
 -3676    446  14244
 -3600   1516  14586
 -3244   1516  14586
 -3244   1516  14586
 -3244   2640  15520
 -3292   2640  16552
 -3676   2640  17104
 -3676   2334  17104
 -3676   2132  16552
 -3676   2132  16772
 -3716   2258  16532
 -3716   1926  16772
 -3716   1926  17104
 -3716   1926  17328
 -3596   1926  17328
 -3240   1926  17426
 -3240   1926  17328
 -2668   1354  17426
 -2440   1354  17338
 -2440   1354  17338
 -2440    356  17742
 -2440    356  17742
 -2952   1164  17338
 -3376   1164  17338
 -3376    356  16996
 -2904    356  16996
 -2440   1164  16724
 -2440   1164  16724
 -2378    868  16724
 -2214    868  16968
 -2066    316  17338
 -2052    752  17244
 -2052    752  16968
 -2066    262  16684
 -2066    262  16684
 -2080    752  16662
 -2088    752  16262
 -2088    752  15852
 -2080   1124  15610
 -2066   1124  15610
 -1978   1552  15574
 -1808   1256  15796
 -1808   1256  15796
 -1808   1256  15796
 -1536   1756  15796
 -1346   1756  15796
 -1346   1460  15858
 -1328   1460  16084
 -1328   1460  16084
 -1328   1570  16084
 -1346   1756  15858
 -1346   1902  15796
  -830   1756  15858
  -830   1756  16084
  -166   1902  15858
  -166   1830  15858
  -166   1570  16084
  -166   1570  16150
  -830   1346  16150
 -1072   1346  16708
 -1072   1346  16708
 -1072   1716  16150
  -736   1346  16708
  -736   1200  16150
  -736    988  16708
 -1402    570  16708
 -1402    570  16150
 -2048    570  16574
 -2048    570  17336
 -2048    570  16574
 -1926    106  17290
 -1926   -454  17494
 -1926    106  17290
 -1686    348  17494
 -1988   -454  17494
 -1988   -454  17494
 -1686   -454  16732
 -1488   -454  17854
 -1396    348  18588
 -1396    348  18182
 -1488    348  18182
 -1488    314  18182
 -1488   -454  16612
 -1488   -454  17210
 -1488   -454  16374
 -1488    314  15536
 -1488   1226  15536
 -1396    314  15536
 -1324    314  15536
 -1324    314  15536
 -1324    -28  15536
 -1356    -28  15536
 -1744    -28  15536
 -1784    -28  14950
 -1232    -28  15536
 -1232   -666  15536
 -1038   -666  15536
 -1038  -2392  15536
 -1784  -2392  14950
 -1784   -688  14950
 -1038   -688  14950
 -1784  -2392  15536
 -2834   -688  14950
 -2834   1346  14314
 -1784   1346  14950
 -1272   1346  15282
 -1272   1346  14992
 -1272   1346  14992
 -2322   1346  15776
 -1272   2046  15578
 -1272   2394  15578
 -1272   2394  13464
 -1058   1048  16610
 -1058   1048  18652
 -1058   2276  15670
  -668   3274  15670
 -1058   2276  16164
 -2452   2276  15194
 -2452   2276  15864
 -2452   2276  15864
 -3678    876  16834
 -2498   2276  15864
 -1518    876  16834
 -1518    522  16834
 -1518   1042  15864
 -1220   1042  15864
  -584   1042  15864
 -1220   1042  15864
 -1220   1458  15508
 -2340   1042  15864
 -2340   1104  15864
 -1220   1104  16834
 -1220   1312  16624
  -584   1312  16624
  -564    896  16624
  -564    896  15864
  -370   1312  15864
  -370   1884  16624
  -168   1884  16268
  -168   1884  16268
   358   2416  16268
   358   2416  17570
   946   2416  16268
  1428   2632  16268
  1732   2632  17570
  1732   2696  16104
  1732   2632  17570
  1732   2632  16104
  1732   2416  16104
  1732   2632  16104
  1446   2416  15406
  1146   2416  15406
  1222   2632  14822
  1222   2464  14822
  1222   2696  14822
  1504   2696  15406
  1504   2292  16594
  1504   1888  15406
  1960   2308  15016
  1960   1888  16594
  1736   1888  15016
  1736   1888  15016
  1222   1888  16528
  1222   1752  17226
  1222   1752  17226
  1386   1752  17226
  1386   1768  17226
  1386   1768  17340
  1842   2214  17340
  2442   2214  17462
  2704   2618  17462
  2704   2618  17274
  2704   2078  17462
  2470   2618  17274
  2220   2078  17666
  1870   2530  17274
  1870   2624  16888
  2470   2624  17274
  2348   2672  17666
  1870   2672  17698
  1870   2530  18174
  1870   2078  18174
  1932   2530  17698
  1932   2672  17698
  1554   2530  17698
  1760   2330  18174
  1760   1874  18454
  1760   1874  18742
  1298   1874  18742
  1298   1874  18288
   732   1258  18288
   410   1258  18288
   410   1258  17422
   732     72  18288
  1298   1258  17702
  1760   1258  18036
  1298     72  18742
  1298   1258  18036
  1298   1258  18036
  1624   1258  17170
  1624   1258  17170
  1768     30  18036
  1768   -274  18036
  1306   -274  16956
  1306   -834  16576
  1306   -834  16358
  1306  -1584  16358
  1306  -1584  16358
  1798  -1584  16358
  1798  -1584  16280
  1798  -1584  16526
  1798   -466  16526
  1982    298  16526
  1982    766  16280
  1982    766  16280
  1982    766  16280
  1982    766  16242
  1982    298  16280
  2264    270  16280
  1982    298  16270
  2038    766  16270
  2038    766  16200
  2038    766  16270
  2382    766  16488
  2382    766  16506
  2756    284  16674
  2756    766  16400
  2756   1132  16200
  2756    970  16400
  2450    604  16826
  2918    970  16400
  3070    970  16400
  2918    576  16368
  2450    576  16368
  2450    576  16368
  2572    182  16368
  3098     88  16368
  2974    502  16158
  2478    970  16158
  2478    970  16158
  2974    970  16158
  2474    970  16358
  2474    970  16358
  2052    970  16358
  1072   1538  15762
  1072   2020  15676
    60   1526  14852
   -58   2020  15392
  -104   2020  15392
    14   2020  14852
    14   2020  15392
    14   2078  15692
    14   2078  16786
    14   2078  16786
  -196   2078  17994
  -196   2078  16786
  -196   2078  16816
  -346   2078  16816
  -346   2066  16006
  -196   2122  16012
  -196   2122  16012
  -196   2250  15982
  -230   2250  15982
   108   2122  15982
   108   1836  15982
   108   1950  16012
   108   1950  16222
   458   1212  16390
   686   1212  16390
   458   1950  16390
   384   1950  16204
   384   1050  16012
   546   1356  15780
   546    742  15780
   686    304  15780
   546    742  15780
   546    742  15780
   602    742  15780
   686    742  16180
   686    304  15120
   794    304  14014
   794    304  15266
   794    304  14014
   794    304  13816
   952    -78  13816
   952    -78  13816
  1122    170  13816
  1122    304  13816
  1122    528  13816
  1392    528  13894
  1614    302  14092
  2080    -80  15144
  1614    -80  15570
  1614    152  16654
  1614    152  16654
  1614    -96  17336
  1614   -302  16750
  1614   -302  16750
  1468    152  16224
  1252    394  16224
   844    394  16224
   228    394  16010
   510    636  16224
   608    636  16750
   524   1132  16750
   992   1132  16750
   992   1532  16750
   848   1532  16106
   848   1532  16106
   464   1052  15452
   134   1052  15452
    36   1052  15138
    36    394  15578
    36    -84  15578
   -74   1052  14870
  -266   1052  14456
  -488   1052  14384
  -488    534  14384
  -488   -202  14850
 -2324   -202  14850
 -2950  -1014  14850
 -4150  -1240  14384
 -4290  -1240  14000
 -4290  -1760  14000
 -4756  -2552  14384
 -5076  -2552  14384
 -5076  -2552  14798
 -5076  -2892  15612
 -5134  -2552  15612
 -5134  -1884  16210
 -5140  -2552  16412
 -5126  -2552  17094
 -5076  -2324  16412
 -4610  -2628  16412
 -4150  -3512  16412
 -4086  -3512  16412
 -4086  -4188  17094
 -3556  -4188  18152
 -3556  -4188  18526
 -3556  -4188  18620
 -4124  -4188  20074
 -4546  -3284  20842
 -3592  -3284  20842
 -3592  -1960  20074
 -3592  -1406  20074
 -3088  -1406  20074
 -3592  -1960  19986
 -3920  -1406  18620
 -3088  -1406  18620
 -3088  -1052  18028
 -3024  -1052  18028
 -3024  -1052  18028
 -3024   -670  18642
 -3024   -670  18642
 -3088   -356  19228
 -3920   -172  19228
 -3920   -172  18642
 -3920    118  18642
 -3060     18  18642
 -2834    288  18994
 -2072    388  18642
  -812    388  18470
  -560    288  18470
 -1220    288  18470
 -1220    388  18470
 -2072    288  18642
 -2072    388  18470
 -2072    388  18470
 -2072    804  18470
 -2752    388  17274
 -2752    388  17274
 -2752    804  16130
 -3360    804  16130
 -4700   1306  15642
 -3360   1544  15042
 -2152   1544  15042
 -1530   1544  15642
 -2210   1306  15642
 -2210   1544  15354
 -2830   1544  15354
 -3360   1544  15354
 -4700    968  15554
 -4700    968  15842
 -4700   1544  15554
 -3794   1544  15554
 -3266   1544  15354
 -2830   1868  15554
 -2208   1794  15864
 -1688   1112  16806
 -1266   1794  16518
 -1266   1894  15570
 -1688   1788  15570
 -1688   1278  15570
 -1688    602  16518
 -2308    498  16518
 -2308    498  16744
 -2494    196  16744
 -1974    196  15802
 -2494     88  16744
 -2472     88  15802
 -1974    494  16744
 -1974    494  15796
 -1974   1278  15282
 -1974    762  15628
 -2204    762  15628
 -2204   1372  15628
 -2516   1372  15628
 -2824    762  15628
 -3050    762  15628
 -3284    494  15628
 -3874    494  15692
 -3946     88  15860
 -3284   -336  15692
 -3050    588  15346
 -2824    588  15692
 -2824   -336  15692
 -3050   -336  15692
 -3284   -336  15692
 -3864    -68  15346
 -3864    -68  15692
 -4478  -1012  15692
 -4478  -1012  16028
 -4478  -1046  16718
 -4478  -1046  16718
 -4478  -1046  16718
 -4478  -1138  16868
 -3684  -1514  16868
 -2664  -1514  16514
 -2104  -1514  16514
 -2104  -1202  16868
 -2104  -1202  16868
 -1622  -1154  16308
 -1622  -1202  16868
 -1622  -1202  17688
 -1622  -1154  17138
 -2104  -1154  17138
 -2104  -1154  17138
 -2104     44  17138
 -2104  -1154  17754
 -1622  -1154  17754
 -1126   -290  17138
  -628    870  16934
  -628   1204  16934
  -628    870  16986
  -952    576  16986
 -1448    906  16986
 -1766   1204  16360
 -3024   1204  16986
 -3024   1318  16986
 -1766   1318  16986
 -1656   1318  16986
 -1656   1318  17754
 -2378   1318  16986
 -2378   2168  16140
 -3032    906  16140
 -3132   2168  15126
 -2856   2168  15126
 -2378   1368  15224
 -1980   1368  15224
 -2378   1074  15224
 -2856   1074  15224
 -3500   -504  15148
 -3930  -1158  15148
 -3930   -512  14838
 -3500   -512  15148
 -2856   -512  15148
 -2746   -512  16030
 -2168   -512  15458
 -2746  -1158  15458
 -3494   -512  15148
 -3724   -512  15458
 -3912  -1056  15458
 -3912  -1056  16128
 -3912  -1056  16310
 -3724   -512  15738
 -3454   -604  16310
 -3672   -604  16350
 -3672   -604  16350
 -3672   -604  16350
 -3068   -420  15738
 -2272    810  15738
 -1482    810  15738
 -1482   1498  15738
 -1482   1498  16350
 -2068   1498  15738
 -1482    268  15738
 -1482    268  15488
 -1482   1498  15670
 -1352   1498  17292
 -1352   1498  17292
  -878   1498  17292
  -766   1498  16384
  -766   2068  16384
  -766   1736  16134
  -766   1736  17756
  -996   1736  16134
  -996   2068  15046
  -996   2068  15046
  -996   2068  14566
  -766   2204  15046
  -206   1856  14144
  -254   1856  15760
   212   2218  15200
   954   2218  15200
   954   2218  15200
  1336   2414  16288
  1336   2616  16288
  1336   2616  15200
  1336   2692  14246
  1704   2616  14710
  1336   2384  14246
  1360   2384  14246
  1360   2088  13794
  1728   2616  14246
  1360   2616  13794
  1776   2692  13794
  1776   2692  14284
  1776   2760  14284
  1360   2760  14870
  1360   2760  14284
  1360   2968  14870
  1776   2968  14870
  1360   2760  14284
  1360   2968  13794
  1436   2760  14284
  1436   2760  14112
  1436   2968  14576
  1436   3086  14870
  1830   2332  15034
  1436   3086  15034
  1830   3388  15034
  1570   3388  15034
  1968   3862  15472
  1684   3862  15034
  1968   3862  15472
  1684   3294  15034
  1968   3520  14750
  1684   1742  15472
  1852   2914  15472
  1572   2914  15618
  1572   2914  15222
  1434   2914  15222
  1434   2914  15618
  1434   2914  15952
  1602   2914  15952
  1852   2914  15952
  1852   2914  15618
  1602   2594  15618
  1434   2594  15136
  1434   2452  15618
  1148   2298  15618
  1148   2298  15618
   658   2216  16528
   658   2298  18170
   658   2216  16528
   860   2298  16528
   788   2298  17402
  1224   2298  17402
  1224   2216  16602
  1380   1486  16602
  1224    604  16602
   822    434  15496
   822    434  15392
   822    102  14534
   822    102  14534
   822    -60  15392
   822   -778  15392
   822   -778  15392
   822   -940  15156
   822   -940  15156
   822   -710  15156
   822   -710  14402
   822   -364  14268
   470   -364  14268
   470    -72  14402
   470   -364  15156
   398   -364  14402
   398   -364  14402
   342    -72  14268
   342    -72  14382
   398    -72  14412
   398     30  15156
   398    254  14778
   300    730  16346
    -4    730  14778
    -4    730  14778
    44   1100  15476
   398    730  16698
    94   1100  16698
    94   1100  15476
    94   1100  16698
    94    860  17612
  -248    860  17612
   148   1100  16860
   148   1100  16226
  -442   1100  16226
   148    860  16978
   -44   1000  16234
   340   1000  16234
   340   1000  16234
   -44   1000  16234
  -566   1596  16194
   -44   1938  16260
   592   2672  16194
   908   2606  16260
   464   2606  16404
   -44   1816  16404
   -44   2606  16260
   464   2606  16404
   464   2606  16404
   464   2606  16260
   464   2606  16260
   718   1816  16260
   718   1816  16404
   718   1524  16890
   908   1524  16364
   810   2220  16194
   938   1524  16142
   938    988  16142
   810   1524  16134
   810   1524  16134
   810   1524  16278
   810   1524  16278
   740    988  16890
   678    906  17402
   770    906  16660
   854   1484  16238
   854   1484  16850
   770   1484  16044
   770   2220  16044
   770   2220  15716
   770   2580  14608
   854   3090  15716
   854   2580  15292
   854   3090  14608
   770   3090  15292
   656   3090  16004
   656   3090  16004
   656   3090  16004
   656   3090  16004
   656   3090  16004
   200   2946  14968
   200   2004  14486
  -228   2946  14486
   356   3626  14284
   246   2946  14486
   246   2004  14486
   122    858  14486
   122    858  14486
   524    858  14486
   524    858  15098
   524    858  15098
   122    858  15098
   122    792  15224
   122    792  15524
   524    792  15524
  1128   1622  14916
   992   1264  15524
   524    434  15524
   524    -78  15896
   524   -100  15524
   524     38  15524
   370    288  15694
   370     38  15694
   370   -100  15896
   370     38  15694
   214    192  15694
   214    192  15758
   214    168  16070
     4    168  16070
   214    312  15788
   214    168  15788
   214     38  15586
     4    -90  15386
  -206   -354  15586
  -614   -528  15586
 -1078   -686  15788
 -1510   -686  15586
 -1626   -528  15892
 -2142   -424  15586
 -2178   -160  15892
 -3254   -424  16174
 -3254   -528  16174
 -3254   -638  16174
 -3842   -424  15892
 -3842   -638  16174
 -4014   -638  16174
 -4180  -1882  16174
 -4898  -1882  15892
 -5180  -1882  15392
 -5180  -1882  15392
 -5180  -1882  16174
 -5826  -1580  16912
 -5688  -1524  16912
 -5180    116  17668
 -4598    626  16912
 -4252    626  15762
 -4534    626  16912
 -4534    116  16912
 -4534    -14  17668
 -5176  -1316  17668
 -5176   -558  17668
 -5176   -558  18570
 -4534   -118  18570
 -4534   -558  19540
 -4534   -118  18570
 -4534   -558  18570
 -4534   -118  17668
 -4534   -558  17668
 -4830   -558  18036
 -5684   -668  18914
 -4830   -558  18914
 -3530   -558  18914
 -2862   -558  19540
 -2344   -558  19540
 -2354   -668  19540
 -3132   -626  19540
 -3132   -880  19006
 -4450   -626  17924
 -4450   -516  16374
 -2614   -118  16374
 -1812    344  17264
 -1812    556  17264
 -2614   1430  16710
 -4450   1430  16710
 -6030   1430  16710
 -6030   1904  16710
 -6030   1904  16710
 -5336   2388  16710
 -4406   2388  16404
 -4322   2388  16404
 -4322   1904  16404
 -4322   1904  16404
 -4322   1904  15952
 -4322   1492  15952
 -3980   1492  16404
 -3980   1904  16404
 -3980   1904  16754
 -3980   2388  16404
 -3980   1904  16754
 -4654   1904  16404
 -4876   1904  15952
 -4876   2372  15228
 -4868   1560  14326
 -4534   1560  14326
 -4122   1560  14086
 -4122   1798  14086
 -3790   1798  14086
 -3604   1474  15440
 -3746   1474  15946
 -3142   1798  14086
 -3142   2280  15452
 -3142   2280  14086
 -3142   2280  14086
 -3290   2378  14504
 -2872   2484  14504
 -2872   2378  14882
 -2640   2484  14882
 -2524   2378  15830
 -2640   2484  14882
 -2640   2484  14882
 -2640   2484  14882
 -2872   2378  14882
 -2640   2378  15830
 -2524   2378  15830
 -2464   2484  15830
 -2102   3052  14882
 -2464   2402  14458
 -2464   2402  14458
 -2464   2402  14458
 -2464   2192  14882
 -2464   2192  14882
 -2496   2192  14882
 -2496   1694  15294
 -2496   1134  15294
 -3046    212  14942
 -3660    212  15048
 -3888    212  15048
 -3888   -594  15048
 -3660   -944  16172
 -3046   -594  16974
 -1992   -594  16974
 -1216     54  16974
 -1992     54  16974
 -2272    810  16172
 -2272    242  16974
 -3326   -356  16974
 -3326   -356  16974
 -2272   -356  16172
 -1374   -356  16974
 -1042    -12  16216
 -1042   -946  16246
 -1042    -12  16246
 -1404    -12  15370
 -1404    222  15634
 -1404    222  16392
 -1404    476  15634
 -1042    222  15634
 -1404    222  15370
 -1404    476  15370
 -1664    222  15226
 -1664    222  15370
 -1664    222  15634
 -1664    222  15634
 -1404    222  15634
 -1664    720  15370
 -1664    720  15634
 -1664    584  15634
 -1774    584  15634
 -1978    584  15634
 -2290    584  15516
 -2598   1004  14250
 -2598   1004  14514
 -2756   1004  14514
 -2756   1004  13228
 -2598   1004  13228
 -2140   1004  13452
 -2140   1004  13452
 -2050   1248  13452
 -2050   1248  13204
 -2050   1248  13452
 -2362   1248  13204
 -2598   1004  13204
 -2926   1248  13148
 -3352   1112  13148
 -2926   1112  12844
 -2926   1112  12844
 -2508    902  13396
 -2014   1512  15154
 -2014   1714  13396
 -2014   2254  13396
 -1668   2254  13396
 -2014   2254  13396
 -1668   2208  14884
 -1668   1058  16382
 -2014   1058  16382
 -2314    408  18122
 -2888    408  18122
 -3466    408  18122
 -3466    408  19920
 -3106   1058  18122
 -2574   1058  19846
 -2056   1058  18122
 -1668    408  19846
 -1156   1058  19538
  -548    408  19846
  -548    312  19594
  -330   1174  19594
  -330    312  19594
  -330    312  19594
   278    312  19594
   278   -268  19594
   314    312  19684
   994   1068  19684
   994   1012  19684
   994   1214  19540
   994   1874  16326
  1190   2072  14522
  1190   2072  17680
  1458   2906  14522
  1458   2800  17452
  1458   2800  14522
  1458   2800  14522
  1458   3602  14096
  1190   3602  13060
  1190   3602  13060
  1458   3732  12850
  1976   3732  13060
  1976   3732  13060
  1976   3502  14096
  2722   2572  15450
  3248   2572  15450
  3248   2572  15450
  3248   2472  15952
  3248   3272  15952
  3248   3272  15952
  3564   3272  15952
  3564   2472  16266
  3682   2472  15526
  3450   1560  16266
  3450   2472  15526
  3682   2472  15680
  3406   2472  16266
  3406   1560  16798
  3406   1240  16798
  3300   1560  16712
  3204   1240  16712
  1838   1240  16624
   506   1002  16624
  1236   1002  16178
  1236   1002  16178
  1236   1360  16178
  2602   1360  16178
  2602   1096  15830
  2194   1096  15278
  2194   1360  15830
  1230   1096  16624
   626   1096  15830
   626   1096  16624
   626   1096  16624
   840   1096  16624
   840   1096  17052
  1444   1332  16624
  2194   1560  16432
  2194   1560  16728
  2194   1560  16860
  2194   1560  17568
  2194   1560  17798
  2194   1560  17780
  2086   1560  17780
  1418   1560  17934
  1010   1296  18162
   840   1174  18162
  1010   1600  18162
   890   1174  18428
  1010    402  18428
  1282   1174  18162
  1574   1174  18428
  1282    696  18162
  1270   1174  18428
  1270   1174  18554
  1270    696  18554
  1270    696  18554
  1270    696  18554
   972    696  18428
   612    696  18144
   510   1426  17780
   510   1096  17632
   510   1096  16858
   510   1096  17692
  1150    696  16858
  1460    544  16858
  1490    976  16206
  1460    588  16646
  1490    988  16646
  1560   1706  16646
  1478   1058  16646
  1478   1706  16206
  1478   2150  15914
  1188   2150  15914
  1560   2330  15914
  1560   2728  15384
  1262   2728  15384
   890   2330  15384
  1230   2728  14846
  1364   3062  14846
  1364   3062  15514
  1364   3062  15764
  1364   3062  15806
  1364   3064  15468
  1364   3552  16206
  1364   4548  15468
  1364   3552  15468
  1728   3552  14888
  1364   3552  14888
  1364   3552  14888
  1638   3552  15468
  1364   3062  16206
  1638   2696  16884
  1818   2256  16290
  1818   2050  16044
  1638   1612  16044
  1818   1612  16114
  1908   1612  16114
  1908   1612  16114
  1908    864  16360
  1908   1612  16114
  1908    864  16114
  1910   1612  16114
  1910    864  16114
  1910    864  16044
  1910    328  16044
  1820    864  16044
  1348   1172  16044
  1348    328  16044
  1348    328  15706
  1440   1126  14996
  1692   1126  14304
  1692   1920  13968
  1692   1920  13968
  1692   1920  13864
  1692   1920  13968
  1220   1920  13864
  1220   2170  13864
  1220   2170  13968
  1220   2412  13968
  1220   2170  14304
   902   2170  14136
   252   1920  14448
    96   2170  14448
    96   2170  14448
    96   2170  14448
   174   1920  15750
   254   1670  17314
   444   2206  15582
   444   2048  15582
   444   1484  16130
   254   1292  16130
   174   1292  16130
   174   1484  16130
   174   1520  17314
   174   1520  17314
   174   1520  17314
   174   1484  17314
   254   1484  16164
   254   1484  16164
   326   1116  15596
   346   1520  15596
   346   1520  15596
   516   1116  16316
   674    634  15596
   826    634  15596
   826    634  15596
   826    634  15596
   680    346  16286
   522    346  16286
   346    346  17050
   346    -62  17050
   346    -62  17050
   108    -62  16500
   108    -62  16500
    70    -62  16500
    70   -490  17050
    70   -142  16500
  -182   -490  16500
  -166   -490  15962
  -272   -776  15568
  -398   -776  15568
  -398   -776  14328
  -962   -776  14328
  -962   -906  14936
  -962   -776  14936
 -1564   -906  14772
 -1564  -1888  14772
 -1966  -1888  13596
 -1966  -3544  13596
 -1966  -1758  12858
 -1564  -1554  11962
 -1310  -2046  12858
  -856  -3340  12858
 -1310  -4356  12858
 -1310  -3340  11962
 -1310  -3340  11278
 -1564  -4028  11278
 -1850  -3084  11226
 -2340  -3084  12600
 -1850  -2046  13564
 -1564  -2046  14568
 -1564  -1282  15300
 -1458  -1282  14364
 -1614  -1282  14364
 -1850  -1282  15300
 -2340   -602  15300
 -3068   -282  15300
 -3068     94  15300
 -3068    540  15300
 -2802    540  15594
 -3178    706  15594
 -3178    862  15594
 -3178    862  15594
 -3178    862  15846
 -3178   1206  16372
 -3178    862  16598
 -2950   1096  16598
 -2532   1326  16598
 -2532   1326  16662
 -2950    982  16598
 -3216   1326  16414
 -2950   1326  16826
 -3224   1294  17276
 -3652   1404  16826
 -3226   1294  16600
 -2990   1294  16864
 -2990    982  17676
 -2950   1294  17676
 -2532   1294  17878
 -2068   1608  17676
 -2068   1590  17676
 -2570   1590  17676
 -2990   1590  17676
 -3024   1826  17380
 -3232   1952  17380
 -3300   1952  17380
 -3576   1952  17380
 -3576   1952  17380
 -3300   1590  17516
 -3124   1952  17516
 -3024   1590  18838
 -3024   1952  18542
 -3024   2606  16794
 -3024   2246  18542
 -3124   2246  18542
 -3300   2246  17518
 -3300   2756  16794
 -3576   2246  17518
 -3792   2246  17276
 -3792   2756  17276
 -3576   3260  17440
 -3374   2756  17682
 -3374   2756  17440
 -3266   2756  17440
 -3266   2600  17440
 -3542   2600  16850
 -3466   2600  16850
 -3716   2070  16850
 -3716   2600  16850
 -3716   2600  17202
 -3716   2600  17076
 -3716   2070  17206
 -3466   2070  17206
 -3038   2274  17076
 -3038   2274  17206
 -2508   2274  17206
 -2810   1560  17418
 -2556   2274  17206
 -2166   2090  17076
 -2556   1356  17076
 -2556   1356  16528
 -2166   2090  16430
 -1766   2070  16974
 -1466   1030  17076
 -1466    588  17076
 -1466    588  17076
 -1430    588  16974
 -1430    588  17076
 -1430    588  16974
 -1436    362  16882
 -1414    546  16882
 -1414    546  16882
 -1244    220  17196
 -1414    220  17196
 -1414    314  16882
 -1688    -76  16730
 -1688    250  16358
 -1688    242  16358
 -1688    -68  16730
 -1688   -402  16730
 -1688   -402  16730
 -1976   -402  16358
 -1976   -402  16358
 -1976    314  16358
 -1976    314  15760
 -1934    314  15760
 -1934    314  16358
 -1934    314  16004
 -1934    314  16004
 -1976    632  15224
 -1976    744  15224
 -2000    744  15224
 -2000    744  15224
 -1980    314  16004
 -2064    -54  16004
 -1958    314  15544
 -1958    314  14892
 -1958    -54  14892
 -2064  -1100  14892
 -2064     38  15544
 -2290  -1100  16334
 -2230  -1100  16940
 -2244     38  16334
 -2392     38  16334
 -2654     38  16940
 -2878     38  16940
 -3032     38  16940
 -2878     38  16940
 -3194     38  17096
 -2878   -956  17126
 -3194   -956  17096
 -3168     38  16948
 -3536    -28  16274
 -3536    -28  16430
 -3168    276  16430
 -3830    -28  16430
 -3944    -28  16662
 -3598    276  16662
 -3598    572  16662
 -2906    944  16662
 -2180    944  16662
 -2180    572  16662
 -2084    572  16662
 -1766   1108  15988
 -1350   1108  15988
 -1312    268  16698
 -1312   1108  15988
 -1312   1872  15988
 -1312   1544  15934
 -1080   2714  15934
  -272   2714  15934
  -272   3162  16166
    58   3276  16166
    58   3276  15834
   266   3276  16166
   528   3276  16698
   528   3162  17206
   650   3286  17206
   954   3594  17206
   954   3244  16644
  1178   3594  16644
  1178   3594  16674
  1476   3594  17216
  1264   3594  17216
  1476   3594  17216
  1484   3594  16654
  1598   3206  16654
  1598   2880  17216
  1638   2880  17638
  1598   2662  17216
  1462   2662  17638
  1462   2662  17216
  1598   2490  17216
  1638   2490  17638
  1598   1950  17618
  1598   2490  16242
  1598   2662  15006
  1598   2658  16242
  1598   2490  15742
  1494   2658  16696
  1380   2658  15742
  1380   2712  15742
  1380   2712  15742
  1494   2118  17080
  1380   2118  16040
  1494   2712  16040
  1250   2712  17080
  1250   2118  16040
  1250   2854  15986
  1250   2854  16142
  1572   2118  16142
  1572   1478  16142
  1572   2118  16776
  1136   2068  16142
  1202   3174  16142
  1202   2068  16776
  1202   1274  16776
   976   1274  16142
   910   1722  16722
   976   1274  16722
   976    958  16722
   892    958  16722
   808    776  15986
   628   1274  15454
   808    776  15556
   808    412  16722
   892    412  15556
   892      6  15556
   808   -544  16190
   808   -544  16256
   646      6  14524
   646      6  16256
   406   -544  16256
   646   -544  15756
   646   -544  15756
   646      6  14996
   582   -888  16728
   582   -888  16728
   582  -1582  16728
   406   -888  15892
    90      8  16588
   406   -618  15892
   582   -618  16588
   874   -618  16588
   582    666  15892
   582   1292  15708
   406    998  15708
   582   1292  15892
   490   1292  15892
   490   1678  15708
   874   1678  15708
  1160   1364  15520
  1262   1364  15470
  1186   1510  15550
  1186   1510  15550
  1084   1364  15470
  1500   1364  15434
  2250   1364  15470
  2646   1510  14528
  2646   1510  13798
  2646   1462  13798
  2646   1462  13798
  1692   1818  12910
   704   1818  12910
  1692   1818  12910
   704   1462  13682
   704   1462  13864
   430   1462  13864
   430   1576  13864
   430   1576  13864
   430   1576  14054
   430   1576  14814
   430   1794  14538
   430   2004  14054
   372   1762  14538
   470   2004  15442
   372   2004  16234
   372   2030  15442
   308   1762  16234
   114   1762  16234
   138   2030  16234
   192   2220  16234
   372   2030  17176
   446   2030  17176
   372   2030  17176
   446   2030  17176
   666   2030  16234
   852   1910  16366
   852   1910  16068
   852   1910  16068
   690   1474  16366
   504   1474  15784
   504    808  16366
   504    808  16366
   690    808  15784
   504    110  15784
   690    808  15186
   634    242  15784
   796    212  15784
   796    212  16590
   634    -56  15958
   796    -56  15542
   796   -346  15542
   856   -346  15786
  1040   -346  15786
  1040    -56  15786
  1040   -346  16028
  1228   -214  15786
  1228   -134  16418
  1228   -134  17312
  1296    212  16418
  1554    894  17312
  1554    894  16418
  1554    212  16418
  1296    894  16418
  1554    894  16750
  1554    894  17722
  1612   1454  17722
  1642   1690  16750
  2028   1454  16750
  2028   1454  17722
  1858   1454  17722
  2394   1690  17722
  1858   1690  17722
  1858   1666  17850
  1858   1666  17850
  1460   1888  15656
  1460   1888  15656
  1460   1958  15656
  1460   1888  15656
  1460   1888  17406
  1460   1888  15262
  1460   2746  15262
  1460   2746  17406
  1740   1888  17406
  1460   2746  16896
  1460   2722  16356
  1728   1652  16356
  1102   1652  16356
   598   1652  15694
   598   1652  15694
   598   1652  16356
   598   1430  16356
   414   1430  15694
   116   1430  14606
  -308   1200  15694
  -520    536  15694
  -520     -6  16356
  -520   -912  16356
  -520  -1764  16356
  -584   -912  15694
  -824   -912  15694
 -1252  -1252  16224
 -2056   -898  16224
 -2056   -898  16224
 -3100  -1146  16678
 -3576  -1146  16678
 -4210   -898  15986
 -4210   -898  16678
 -4210  -1146  18032
 -4890  -1146  17154
 -5182  -1146  16678
 -5182   -898  16678
 -5182  -1146  16678
 -5182  -1672  16678
 -4890  -1146  16992
 -4890   -898  16992
 -4782   -898  16720
 -4654   -898  15366
 -4208   -348  13722
 -3702   -898  15366
 -3508  -1146  16700
 -3508  -2032  16904
 -3382  -2440  15550
 -3382  -2440  15550
 -3382  -2356  15550
 -3382  -2356  15888
 -3382  -2700  16904
 -3678  -3078  15888
 -3576  -2700  14554
 -3136  -2356  14188
 -2854  -2356  14554
 -2854  -2446  15576
 -2854  -2446  16510
 -2854  -2186  16510
 -3176  -2186  15576
 -3754  -2192  16510
 -3754  -2102  15576
 -3176  -2048  15576
 -3176  -2048  16510
 -3356  -2048  16510
 -3356  -1194  15576
 -3356   -154  15576
 -3782    142  15576
 -4722    538  15576
 -4722    538  13670
 -4722   1136  14354
 -3782   1496  14354
 -3356   1496  16510
 -3356   1496  17008
 -3356   1136  17728
 -3356   1496  17728
 -2810   1496  18308
 -2472   2190  17728
 -2472   2094  17728
 -2472   2094  17728
 -2472   2810  16964
 -2584   2810  16964
 -2584   2700  17728
 -2584   2700  17728
 -2318   2810  16964
 -2318   2810  16964
 -2036   2810  15998
 -2036   2700  16964
 -2036   2810  15998
 -2036   2810  15998
 -2036   2700  15120
 -2318   2700  14778
 -2318   2700  14778
 -2318   2494  14778
 -2318   2494  14778
 -2318   1378  14778
 -2320   2494  13788
 -2320   2494  13788
 -2036   2964  14778
 -2036   2494  15120
 -2036   1378  15120
 -1902   1378  15120
 -1958   1378  15120
 -2186   1378  15120
 -2680   1378  15122
 -3104   1378  15122
 -3676   1378  16180
 -3676   1650  15348
 -3676   1650  15348
 -3104   2606  16200
 -2884   1880  17658
 -2188   1880  18324
 -2884   1880  17658
 -3176   2000  16956
 -3676   2000  16340
 -3676   2736  16956
 -3176   1900  16956
 -3176   1900  16956
 -3176   1044  16956
 -2884   1044  16956
 -2884   1044  16956
 -3176    640  17204
 -2884   1044  17128
 -2736    640  17128
 -2808     74  17128
 -2808   -772  17830
 -2808     74  17128
 -2808   -772  17830
 -2964   -772  17830
 -2964   -788  17128
 -2816   -224  16340
 -2816   -224  15446
 -2816   -788  15446
 -2816   -788  15446
 -2816   -788  14884
 -2816   -788  14554
 -2982   -788  14884
 -2982   -788  16732
 -3232   -788  14884
 -3232     34  14884
 -2982     34  16732
 -2982     34  14884
 -3120     34  16238
 -3120     34  16238
 -2982     34  14884
 -2802    580  14422
 -1596    580  14422
 -1528    580  14422
  -504    580  14986
 -1528    580  15332
 -2564    580  15332
 -2564   -444  15332
 -2564    580  15332
 -2430   -444  15332
 -1406    580  16376
 -2190   1082  16376
 -1232   2208  16068
 -2190   2208  15332
 -1232   1794  16068
 -2190    268  16068
 -2190   1794  15332
 -2190   1794  15332
 -1210   1794  15212
 -2190   1794  15212
 -2430   1794  15332
 -2514   1794  15332
 -2514   1794  15332
 -2694   1794  16068
 -2694   1794  15948
 -2448   2284  14216
 -2190   2254  15948
 -2274   2254  15036
 -2274   1794  17206
 -2694   1794  16972
 -3038   2192  15036
 -3038   2192  15036
 -3038   2192  13274
 -3038   2192  13274
 -3038   2784  12776
 -3038   2784  12776
 -3038   2624  13274
 -3240   2784  13782
 -3240   2624  15718
 -3078   2624  15446
 -2320   2784  15446
  -856   2624  15446
  -856   2624  15446
  -586   2624  15446
  -586   2520  15446
  -856   1804  16904
 -1380   1684  15446
 -1154   1684  16904
 -1154   2324  15446
  -856   2520  15446
  -586   2324  15744
  -856   1684  16256
  -856   1684  17602
  -586   2324  17602
  -320   2324  17602
  -320   2324  17602
   -96   3132  17602
   306   3132  18626
   690   3132  18626
   690   3132  18936
   306   3334  18626
   690   3668  18626
   690   2778  18212
   690   3668  16906
   -46   3742  16906
   774   3742  16906
   912   3742  16906
  1080   3742  16906
  1596   3186  16906
  1596   3012  16210
  2100   3012  16826
  2352   3012  17522
  2534   2228  16826
  2556   2164  16826
  2538   1444  17522
  2538   1338  16826
  2538   1258  15580
  2282   1258  15304
  1754   1338  15304
  1754   1444  15304
  1754   1444  15304
  1754   1444  15304
  2086   1634  15304
  2086   1444  16184
  2320   1444  16184
  2538   1264  16184
  2320   1264  16826
  2538   1072  16826
  2320   1264  16826
  1792   1422  17786
  1164   1612  17144
   862   1820  15902
   862   2052  15902
   862   1820  17336
  1152   1820  17336
  1448   2052  19296
  1448   2292  19296
  1152   2292  19296
  1152   2292  17384
  1152   2292  17332
  1780   2052  18712
  1780   1708  18712
  2392   1708  18712
   946   1708  18124
   826   1708  18124
   826   1708  17374
  1310   1708  16582
   922   2052  15950
   922   1844  16582
   922   1498  16582
   922    664  16582
   922    664  17374
   922    458  17422
   922    664  17422
   526   1030  17208
   372   1030  16582
   372   1030  16582
   372    602  17208
   372   1030  17208
   526   1030  16428
   526   1030  16428
   372   1030  16428
   372   1030  16428
   372   1174  16222
   316   1174  16222
   106   2008  16270
   106   2226  16270
   106   2226  17512
   316   2226  17512
   372   2226  17452
   630   2876  17452
  1004   3260  16266
   630   3260  15842
   316   2338  15842
   106   3260  15842
   606   2338  17028
  1004   1574  18080
  1004   1574  17028
  1004   1278  17050
  1004   1278  17050
  1004   1302  17050
  1004   1302  17050
  1004   1120  17050
  1376   1302  17050
  1376   1302  17050
  1376    652  17050
  1082    652  17050
  1082    652  17050
   802    652  17050
   802   1302  17076
   802    664  17076
   600    664  17076
   874    664  17630
   874    664  17006
  1508    664  17630
   874    664  17630
   874    664  17630
  1138   1484  17630
  1138   2246  17630
  1138   2246  17630
   874   2246  16958
  1138   2246  16958
  1138   2842  16958
  1138   2246  16828
   936   2172  16828
  1658   2594  14518
  2120   2594  16828
  2120   2172  16828
  2120   2172  14868
  2120   2172  13290
  2120   2594  14344
  2120   2172  14428
  1658   1770  14428
  1658   2594  14428
  1154   2594  14428
  1658   2594  14428
  2120   2594  14428
  2120   2832  14510
  2120   2832  14510
  2070   2832  13890
  2120   2832  14510
  2074   2832  14510
  1566   1966  14510
   850   1966  15546
  1566   2278  15546
  1254   1664  15546
   850   1164  15546
   850   1664  14916
   442   1664  15546
   442   1664  15546
   442   1664  15414
   996   1664  15638
  1712   1664  15638
  1712    700  16548
  2054    700  15638
  2054   1664  15008
  1712   2222  15008
   996   2222  15008
   820   1900  15638
  1024   1648  15960
  1024   1648  15960
  1224   1900  15554
  1224   2222  15008
  1224   2222  14054
  1224   1900  14278
  1024   1608  15554
  1520   1608  15554
  1520   1608  15554
  2542   2206  15044
  2542   1608  15554
  1906   1292  15554
  1906   1608  16000
  1508   2206  15462
  1508   2206  15462
  1122   2242  15462
  1036   2242  16000
  1122   2242  16000
  1508   1608  16326
  1674   1670  16000
  1906   2274  16326
  1906   2274  17304
  1906   1670  17304
  1906   1670  17304
  1906   1678  17304
  1674   1678  17304
  1674   1678  17304
  1674   2200  16244
  1808   2200  16244
  1662   1678  16616
  1362   1678  16616
  1052   1678  17428
   874    802  17428
  -770     96  17428
  -770     96  16332
  -770   -114  16332
 -1114   -114  15550
 -1114   -114  15550
 -2496   -424  15550
 -2496   -424  16332
 -2496   -880  16332
 -3196   -424  15550
 -3730   -812  15550
 -3730   -812  15550
 -4156   -908  13910
 -4160   -998  13268
 -4160   -998  13054
 -4160   -998  13642
 -4160   -998  14498
 -4160   -998  14498
 -4160   -998  13642
 -4160   -998  13642
 -3816   -908  13286
 -3816   -216  13642
 -3816   -216  14666
 -3290   -216  16164
 -3290   -216  17412
 -3816   -216  16644
 -4160    600  15956
 -4160   -216  14666
 -4160    600  14666
 -3816   -216  15956
 -3290    -26  15956
 -3290   -274  15956
 -3290    160  15956
 -3290    600  15956
 -3840    160  16404
 -4320    160  15924
 -4320    452  15924
 -4592    452  15762
 -4320   1376  15762
 -3840   1376  15762
 -3668    452  15762
 -2732   -274  15762
 -2732    322  15546
 -3588    322  14938
 -3350     76  14624
 -2732     76  13378
 -2732     76  13700
 -3350     76  14624
 -3786   -274  14624
 -3786     76  13700
 -3786    272  12554
 -3786    272  13700
 -3446    272  13700
 -3248    272  13800
 -1754    272  13800
  -732   -152  15332
  -732   -152  13880
  -140    272  13490
  -732   -152  14942
 -2210   -178  14942
 -3328   -178  15100
 -3328    272  14948
 -3328    272  14948
 -3328    272  15896
 -3118    -20  16816
 -3118    -20  16816
 -2294   -460  17296
 -1386   -460  17558
 -1386    820  17296
 -1386    820  17296
 -1846   -100  17296
 -2476   -100  16842
 -2476   -460  16842
 -3118   -460  16842
 -3872   -460  16842
 -3872   -100  16536
 -3678   -460  16842
 -3678   -626  17296
 -3364   -460  17092
 -3364   -100  17092
 -3364   -100  17296
 -3788   -100  17558
 -3042   -100  17296
 -2238    858  17092
 -3042   1590  16976
 -3212   1590  17092
 -3788   1590  17354
 -4010   1590  16976
 -4230    858  16976
 -4230    858  16976
 -4010   1590  16976
 -3788   1898  17404
 -4010   1898  17404
 -3788   2456  17404
 -3212   2456  17404
 -3704   2456  17404
 -3704   2790  16976
 -3782   2790  16976
 -3782   2456  17312
 -3704   2456  16772
 -3144   2456  16772
 -2728   2384  16540
 -2728   2384  16540
 -2728   2384  16652
 -2728   1974  15852
 -3220   1738  15852
 -3220   1738  15852
 -2604   1738  16664
 -2308   1738  17414
 -2158   1738  17414
 -2046   1738  17978
 -2046   1738  17414
 -1918   1738  17414
 -1918    964  17414
 -1918   -562  17414
 -1918  -1364  17636
 -2196  -1364  17636
 -1700   -562  17130
 -1700   -562  16096
 -1700   -562  17130
 -1806   -562  17130
 -1526   -562  17508
 -1526  -1726  17508
 -1526  -2470  17130
 -1340  -2088  17508
 -1340  -2088  17130
 -1340  -2442  16996
 -1340  -2442  16346
 -1340  -1616  16346
 -1526  -1852  16996
 -1796  -1852  16346
 -1796  -1852  16996
 -1796  -1408  17508
 -1796   -740  16996
 -1526    854  16346
 -1526    854  15960
 -1206    182  15960
 -1526    182  16346
 -1526   1344  16346
 -1796    182  16346
 -2198    182  16048
 -2198   -740  15956
 -2464    182  15698
 -2464   1344  15698
 -2464   1344  15058
 -2464   1426  15058
 -2198   2870  15058
 -1866   2478  15058
 -1414   2478  14790
  -726   3168  14380
  -726   2478  14070
  -726   3168  13324
 -1408   3168  13324
 -1758   1724  14070
 -1758    112  14070
 -1758    112  13324
 -1916   -662  13676
 -1916  -1094  13238
 -1916  -1094  13676
 -1884  -1094  13676
 -1758   -662  13676
 -1758   -662  13676
 -1758  -1040  14480
 -1884  -1040  14480
 -2036   -662  14188
 -1878   -662  15830
 -2036  -1040  15830
 -2036  -1246  17132
 -2036  -1040  18006
 -2036  -1040  18006
 -1878  -1040  18006
 -1878  -1040  18576
 -2030  -1246  18006
 -1838  -1030  17232
 -1838   -604  16768
 -1530   -306  17232
 -1530   -306  17232
 -1272     -8  17232
 -1118    630  17232
 -1118    630  16768
 -1118    630  16616
 -1118    630  16716
  -962    632  16248
  -724    632  16248
  -454    632  16248
   -92    632  16248
   314   1266  16248
   314   1266  16248
   314   1536  16248
   -92   1718  15740
   314   1536  16400
   -92   1536  15740
   -92   1718  15740
   314   1718  15888
   692   1718  16492
  1498   1966  15888
  1818   2482  15888
   828   1966  15888
   828   1966  15888
  1818   2482  16492
  1818   1966  17374
   634   2394  16492
   634   2500  16804
    98   2500  16582
    98   2394  17060
    46   2500  16582
    46   2500  16582
    46   2500  16582
   612   2500  16200
   612   2500  16582
   612   2726  16200
   656   2894  16200
   656   3084  15520
   656   3580  15800
   120   3580  15800
    64   3580  16480
    64   3084  16582
   108   3580  16832
    34   3084  16582
   -38   3084  16480
   -38   3084  16480
   -38   3084  16480
    34   3084  16506
   108   3084  15250
   478   3424  14656
   560   3084  15054
   246   3084  15054
   108   3084  15054
   108   3052  15810
   246   2012  15810
   246   1042  16444
   560   1042  16444
   576    456  16444
   344    -66  15972
   576    456  15338
   940    -66  15054
   754    -66  15054
   390    -66  14656
   390    -66  15054
   592    -66  15338
   926    -66  15338
   926     52  15338
   592     52  15338
   592    624  15972
   592    624  16318
   926    624  17008
   926     52  17008
   926    624  16746
   592    624  16580
   390   1164  15806
   290   1164  15806
   204   1164  15806
   204   1540  16580
   254   1540  16580
   254   1540  17270
   254   1540  17270
   254   1540  17270
   254   1540  17592
   526   1928  17270
   694   1928  17270
   254   1540  17330
   694   1620  17330
   926   1928  16580
   520   1620  16580
   520   1708  15600
   520   1708  15446
   886   1708  16712
   886   1708  16712
   886   1184  17188
  1218    746  17188
  1422    746  17188
  1422    426  17188
  1422    426  16712
  1218    746  16712
  1218    426  16712
   886    426  16936
   506    234  16712
   886    234  16712
   506    234  16712
   506    234  16712
   506    234  16292
   506    234  16292
   358    234  16712
   358    176  16712
   358    176  16712
   358   1026  16640
   266   2212  16220
   364   2212  15526
   816   2378  15522
   816   2378  15880
   550   2378  15880
   910   2514  15880
  1274   2484  15470
  1274   2212  16020
   974   2254  16020
  1274   2484  16020
  1670   2704  16020
  1572   2704  15470
  1572   2484  16020
  1274   2254  15470
  1274   2254  16020
  1274   2118  16176
  1274   2254  16020
  1274   2484  15046
  1136   2254  13772
   934   2206  15046
   934   2044  16020
   934   1418  16176
   924    798  16176
   708   1418  15442
   924   2044  14662
   924   1470  15316
   924   1586  16038
  1086   1586  16050
  1086    960  15316
   842    960  14662
   842    530  15316
   296     92  16050
   842    530  15316
  1086     92  16656
  1332    582  15316
   842   1632  15316
   842   1632  15316
   842   1632  15316
  1332   1632  16656
  1332   1734  16656
  1612   2632  15316
  1332   2632  14662
  1612   2632  13354
  1612   2212  11602
  1612   2212  14008
  1234   2212  15162
   512   1796  15162
   512   1986  15234
   512   1986  15234
   544   1796  17880
   544   1878  17880
  1444   1878  16384
  1278   1792  17414
  1278   1882  17122
   544   1792  17122
   544   1792  16848
  1278   1706  16848
  1728   1706  17122
  1728   1706  16848
  1740   1706  16110
  1688   1610  16848
  1740   1600  17122
  1688   1696  17122
  1740   1696  17122
  1688   1696  16848
  1688   1792  16122
  1688   1792  16122
  1688   1696  16122
  1740   1792  16848
  1740   2356  16122
  1688   2976  15384
  1688   2976  16122
   926   2976  16122
   926   2522  16122
  1724   2522  14770
  1724   1866  14770
   926   2522  14712
    76   1866  13486
   -44   1866  13486
  -192   1096  14712
  -192   1096  13486
  -476    234  13486
  -854   -354  14288
 -1078   -776  14972
 -1078  -1036  15738
 -1078  -1108  16290
 -1336  -1036  15314
 -1992   -776  14288
 -1992   -776  14288
 -2430  -1036  14734
 -2562  -1108  14734
 -2892  -1108  14734
 -3106  -1108  14734
 -3106  -1108  14734
 -3106  -1108  15314
 -3142  -1288  15894
 -4436  -1288  16266
 -5808  -1288  16476
 -5808  -1288  16476
 -5808  -1906  16780
 -5808  -1036  16780
 -4436   -766  16780
 -3166   -766  16476
 -3132   -766  16756
 -3132  -1564  16756
 -3106   -334  16756
 -2860  -1564  17520
 -2860  -1674  17520
 -3106  -1674  16756
 -2860   -534  16756
 -2860   -534  18054
 -2862  -1792  17702
 -2886   -740  16756
 -2886   -662  16756
 -3166   -662  15816
 -3344   -444  14428
 -2886   -662  14428
 -2682   -758  14428
 -2632   -758  15700
 -2632   -758  14428
 -3140   -758  15084
 -3546   -758  15084
 -3546   -662  14426
 -3546   -662  14426
 -3546   -566  14426
 -3546   -566  14426
 -3546   -566  14022
 -3370   -296  14584
 -3370   -296  14584
 -3546   -296  14584
 -3546   -296  14584
 -3598    -90  14022
 -3770    -90  14584
 -4070     46  14584
 -4070    -40  15604
 -3860    -40  15604
 -3860     82  16314
 -3860     82  16314
 -4170     82  14922
 -3860    120  16314
 -4170    468  17554
 -4242    166  17554
 -4242    118  17554
 -4312    118  16576
 -4606    118  16268
 -4606    118  15610
 -4606    466  15610
 -4606    466  15196
 -4242    466  15196
 -4104    466  15610
 -4104   1400  15196
 -3948   1400  15610
 -3600   1400  15196
 -3320   1400  15196
 -3128   2492  14576
 -3128   2492  14166
 -3128   2492  14026
 -3262   2492  14026
 -3262   1098  14166
 -3082   2396  14166
 -2644   2396  14026
 -2436   2396  14026
 -2274   2856  14026
 -1790   3102  14026
 -1790   3344  13976
 -1790   3526  14026
 -2274   3526  14180
 -2436   3526  14356
 -2560   3194  14652
 -2436   3914  14652
 -2436   3914  15132
 -2274   3098  14652
 -2436   3098  14652
 -2436   2346  14652
 -2436   1542  15132
 -2560   1542  16100
 -2560   1168  16800
 -2370   1558  16048
 -2370   1558  16048
 -2370   1168  16048
 -2560   1168  16048
 -2650   1168  16048
 -2880   1168  16048
 -2880   1168  15244
 -2650   1168  15244
 -2180    976  15244
 -1868    976  15244
 -1868    976  15244
 -1868    976  15944
 -2506    160  15944
 -1868    160  15944
 -2506   -652  17482
 -2506   -382  17482
 -3216   -382  17482
 -3216   -628  16278
 -3116   -628  15474
 -3198   -628  15110
 -3198   -878  15474
 -3198   -878  15086
 -3198   -878  15086
 -3036   -878  15420
 -3036   -878  15420
 -3036   -878  15824
 -3198  -1142  16216
 -3262  -1442  17166
 -3348  -1934  16216
 -3348  -1442  15824
 -3262  -1872  16216
 -3198  -1442  16216
 -3084  -1442  15824
 -3084  -1232  15824
 -2936  -1070  15824
 -2702  -1232  16216
 -2702  -1232  16216
 -2702  -1070  17010
 -2372  -1070  17584
 -1868  -1070  17584
 -1300   -834  17584
 -1868   -610  17812
 -1610   -610  18020
 -1720   -936  18226
 -1720   -610  18020
 -1720   -610  17812
 -1720    -66  18020
 -1720    -66  18020
 -1720    164  18020
 -1102    164  18020
 -1102    164  18020
 -1102    164  18226
 -1602    678  18226
 -1602    678  18020
 -2110    678  17642
 -1602   1278  17642
 -1602    976  17642
 -1602    696  16416
 -1602   1296  15522
 -1602   1296  16506
 -2214   1296  15522
 -2248   2068  14646
 -2872   1296  14196
 -3396   1296  13766
 -2872   1296  13766
 -2248    528  14196
 -2616     -4  14196
 -1834     -4  14686
 -1122    476  14686
 -1122    476  15136
 -1122    476  15136
 -1122    476  14824
 -1122    476  14824
 -1780    476  15136
 -1780    964  15146
 -2046    476  15146
 -2046    664  15532
 -2502    664  15898
 -2502    664  15818
 -2502    228  15818
 -2502    664  16222
 -2046    664  16222
 -1780   1006  16222
 -1072   1006  16370
 -1072   1006  16728
  -212   1114  16656
  -212   1192  16904
 -1176   1192  16748
 -2046   1410  16572
 -2046   1616  16572
 -2250   1616  16748
 -2046   1828  16748
 -1464   1736  16748
  -500   1736  16748
  -500   1736  16748
   154   1736  16642
   202   2020  16550
   720   2020  16642
   202   2020  16642
   202   2020  16642
   202   2020  16550
    92   1736  16642
    92   1736  16748
   202   2020  16748
   202   2020  16642
   910   2020  16642
   910   2020  15996
   910   2310  15996
  1018   2020  16850
  1040   2020  16850
  1174   2310  15996
  1314   2020  15314
   830   2310  15370
   690   2220  15370
   690   1734  14888
   490   1734  16250
   690   1734  16250
   690   1734  16250
   690   1060  16250
   690   1734  16250
   830   2432  16784
  1436   2432  16784
  1436   2432  16250
  1030   2432  16250
   830   1778  16250
   830   1344  15248
   830   1344  16250
   830   1344  16250
   830   1344  15248
   690   1344  16250
   538   1344  16250
   216   1778  16250
   216   1344  16302
   634    764  16302
  1562    764  16918
  2002   1230  15782
  2002   1230  16918
  1562   1230  17062
  1562   1230  17062
  1562   1230  17062
   634    510  16996
    76    510  16586
    76   1230  16996
    76    510  17062
    30    510  17062
    30   -640  17388
  1058   -640  17388
  1058   -640  17062
  2158    510  17062
  2158   -640  17388
  2158  -1332  17388
  2158  -1332  17388
  2276  -1646  17388
  1058  -1332  17322
  1058   -588  17322
  1058  -1332  17322
  1058  -1332  17322
  1058  -1332  16882
  1058   -588  16882
    30   -588  15708
   912    680  14548
  1940    680  15708
  1940   -106  15708
  1940    680  14548
  1940   -106  14548
  2364    680  14548
  1812    914  13776
  1812    914  14548
  1536    234  14676
  1536    914  14316
  1536    914  14348
  1812    234  15266
  1812    914  15266
  1826    234  15266
  1812    914  14356
  1632    914  15266
  1364    914  14356
  1364    914  15266
  1632    128  16406
  1632    128  16406
  1536    128  17126
  1374    128  16816
  1278    524  16816
  1262    524  17126
  1278   1480  17126
  1096   2072  16816
   860   2630  16816
   860   1458  17126
   860   1458  17230
  1106   1458  17230
  1106   2630  16966
   860   2630  16794
   568   2630  16542
   326   3952  16794
   326   3952  16966
   326   3952  16794
   -28   3952  16794
   392   3952  16794
   392   3952  16794
  -184   3490  16794
  -184   3878  16566
   392   3878  16464
   392   3878  16300
   392   3878  15606
   128   2818  15606
   128   2818  15606
  -350   2868  14688
  -350   2868  14688
  -350   2868  14250
  -350   2270  14688
   128   2270  14250
   128   2868  14250
   180   2270  14688
   180   1802  14688
   180   1802  14504
   318   1802  14868
   318   1278  14868
   548   1278  14504
  -292   1802  14504
  -292   1278  14504
  -292    960  14868
  -558    728  15530
  -292    960  15346
   184    960  15346
  1024    960  16736
  1232    960  16736
  1314    960  16736
  1232   1166  16736
  1232   1166  16736
  1024   1784  17132
   254   1166  17992
  1024   1166  17992
  1076   1166  17992
  1264   1680  17992
  1264   1680  17992
  1264   1680  16688
  1314   1680  15346
  1374   1680  16688
  1558   1680  15346
  1558   1880  14784
  1558   1880  14784
  1558   1880  14176
  1558   1880  14762
  1354   1684  15022
  1448   1730  15022
  1174   1730  15022
   714   1730  15220
  1174   1638  15022
  1174   1638  15220
  1174   1602  15220
  1174   1602  15220
   714   1460  15972
   256   1460  15760
  -160   1294  15760
  -956   1294  15760
  -956   1294  16336
 -1598   1268  17254
 -1900   1268  16336
 -2562    654  16336
 -2722    654  16336
 -2770      4  15760
 -3288      4  15760
 -3288      4  15760
 -3442      0  15760
 -3654   -540  15760
 -4454  -1014  15760
 -4454  -1090  16262
 -4454  -1382  17414
 -5166  -1382  17414
 -4454  -1382  16262
 -4454  -1382  15582
 -4454  -2110  15582
 -3576  -2110  15720
 -3576  -1332  16372
 -3500  -1332  16372
 -4002  -2110  16372
 -4668  -1332  15692
 -5244   -782  15692
 -5170  -1332  15692
 -5294  -1332  16164
 -5294   -782  16164
 -5170   -532  16164
 -5336   -532  16372
 -5560   -532  17564
 -5336   -432  16164
 -4718   -432  15916
 -5214   -320  15916
 -5336   -320  15722
 -5214   -320  15722
 -5444   -412  15722
 -5214   -228  15916
 -4764    -96  15916
 -4764    -96  15916
 -4764   -228  15916
 -4764   -228  15916
 -4764   -228  15916
 -4224   -228  16040
 -3742   -420  16452
 -3742   -228  16812
 -2720   -228  16812
 -2338   -420  17714
 -3742   -366  18792
 -3742   -366  17714
 -3742  -1088  16812
 -4008  -1218  16812
 -4008   -740  16812
 -4008   -740  16812
 -3622   -562  17330
 -2894   -400  18228
 -2110   -400  18792
 -2110   -416  18228
 -2110   -416  18228
 -1554   -384  18228
 -2110   -384  15264
 -2790   -416  14902
 -2790   -384  11616
 -3252   -416  11616
 -2790   -384  11616
 -2110   -384  11616
 -2110   -416  13428
 -2110   -384  13428
 -1796   -280  13428
 -1796   -384  15030
 -1796   -384  15030
 -1796   -280  16086
 -1796    456  16086
 -1796   -280  15030
 -2164   -280  14850
 -2836    -16  14850
 -2836    632  14850
 -2836    878  15030
 -2836    878  16086
 -2836    878  17048
 -2164   1198  17048
 -2164   1344  17342
 -2164   1960  17628
 -2094   2600  17628
 -2094   2600  17342
 -2454   2600  17342
 -2454   2600  17342
 -2568   1960  17282
 -2568   1960  17048
 -2454   1960  17048
 -2454   1960  17048
 -2322   2036  15946
 -1926   2784  17282
 -1926   2784  17622
 -1522   2036  17870
 -1522   2784  17724
 -1534   2784  17724
 -1534   2964  16084
 -1640   2784  14708
 -1918   2520  14622
 -2216   1824  14708
 -2216   1824  14622
 -1918   1190  14622
 -1918   1066  14622
 -1918   1066  14708
 -1918   1066  14708
 -1918   1160  15232
 -1640   1160  14898
 -1640    592  15406
 -1918    592  14898
 -1640    592  15406
 -1892    -76  16856
 -2146    -76  16064
 -2146    592  15406
 -2226    798  15406
 -2200    -76  16064
 -2316    -76  16064
 -2316    -76  16590
 -2316    798  16590
 -2316   1792  16590
 -2200   1792  16108
 -1706    798  16590
 -2200    798  16108
 -2200    592  16590
 -2316    592  16108
 -2316    592  15784
 -2390    592  16108
 -2640    592  16108
 -2872   1792  16108
 -2872   1792  16108
 -2872   1792  15930
 -2872   2304  15446
 -2602   1792  15446
 -2166   1376  15930
 -2416    944  15446
 -2416    944  15446
 -2416    944  15446
 -2872    234  15446
 -3168    234  15446
 -2872    234  15548
 -2872    234  16196
 -2872    606  16196
 -2452    944  16642
 -1996   1464  16196
 -1996    944  16196
 -1818   1464  16460
 -1818   1464  16196
 -1818   1464  16460
 -1818    944  16196
 -1996    606  16196
 -2202    606  15970
 -2202    482  16460
 -2202    482  16460
 -2202    482  15970
 -2202    482  15970
 -2504    482  15970
 -2504    482  15970
 -2202   1126  15208
 -2202   1250  15970
 -2504   1250  15208
 -2952   1250  15208
 -3064   2112  14672
 -3064   1448  14672
 -3308    680  15208
 -3064    680  14964
 -3064    680  14964
 -2796    224  16004
 -2728   -484  16004
 -2660   -484  17248
 -2504    -28  17248
 -2330   1636  17248
 -2660   1636  15290
 -2660    -28  13972
 -2660   1636  15110
 -2550   1312  15110
 -2314   1956  13774
 -2138   1956  15110
 -2138   1956  17248
 -1558   1326  17248
 -1536   1326  17248
 -1054   1956  16566
 -1054   1326  16566
 -1536   1956  15034
 -1536   2464  15034
 -1536   2824  15034
 -1536   2464  15034
 -1054   2824  15034
 -1054   2824  13974
 -1036   3126  13974
 -1152   3126  14948
 -1152   3126  14948
 -1036   3254  15034
  -408   3254  15034
   258   3128  15034
   640   3356  15034
   640   3128  16366
   258   3128  16366
   258   3128  15034
   258   3128  15034
   258   2966  14948
   640   2966  14568
   750   3128  15770
   750   2966  15770
   750   2688  15770
   750   2068  16106
   948   2688  15558
   948   2068  15222
  1384   2068  15356
  1458   1498  15026
  1668   1498  15356
  2176   1288  15558
  1458   1248  15356
  2176   1248  15558
  1458   1248  15558
   988   1200  16052
   984   1140  15558
  1420   1200  15558
  2002   1088  15558
  2724   1088  15390
  2724    938  15390
  2724    938  15390
  3150    660  15194
  3150    660  15390
  3442    660  15390
  3442    364  15390
  3150    364  15194
  2724    364  15194
  2448    130  15884
  1862    364  16772
  1374    660  15884
  1258    724  15446
  1374   1000  15446
  1374   1000  14936
  1514   1682  14604
  1514   2590  14604
  1472   2590  14390
  1258   2226  14390
  1258   2590  14604
  1258   2590  14806
  1472   2590  14806
  1390   2590  14806
  1390   2590  15356
  1530   2590  14806
  1530   2686  14484
  1390   2686  14484
  1390   2686  14662
  1390   2226  14872
  1390   2546  14872
  1390   2226  14662
  1364   2226  14662
  1364   2226  14662
  1364   1946  14872
  1088   1946  14872
   856   1440  14872
  1088   1440  14760
  1364    826  14872
  1666    450  14760
  1666    450  14582
  1364    450  14582
  1248    826  14760
  1056    826  14760
   856    826  14760
   856   1370  14872
   662   1370  14872
   662   2188  15032
   662   1932  15032
   662   2480  14418
   848   2044  14366
  1048   2044  14708
  1550   1652  15032
  1550   2044  14708
  1048   2480  14708
  1048   2044  14366
  1550   2480  14980
  1048   2480  15324
  1048   2480  15166
   344   2480  15324
  -268   2480  16252
  -388   2480  17276
  -268   2480  16252
   344   2480  16252
   268   2480  15186
   268   2132  15186
  1084   2132  16252
   578   2132  15186
   994   2288  15910
   442   1854  16818
   442   2290  16818
   442   2290  16818
   442   2290  15910
   442   2290  15910
   442   2290  15910
   442   2290  15910
    26   1854  15910
   442   1578  16818
   442   1578  17606
   862   1578  16818
  1072   1578  15276
  1204   1318  14024
  1072   1190  14024
  1072    762  15224
  1204    762  16672
  1072    984  15224
   862    498  13850
   862    498  15224
   604    498  15420
  1072    498  15420
   652    498  15420
   110    984  13850
   110    984  13850
   738    262  15420
   738   -316  15420
   738   -316  15298
  1922    262  13490
  1420    984  13490
   738    984  13490
   126    984  15282
   126    558  16852
    62    100  17110
    62    558  17110
   -44   1036  17094
   -44   1384  16516
    62   1420  16516
   216   1420  17094
   216   2034  17094
   216   1420  16516
   216   2034  16516
    62   1420  16516
    62   1420  16516
    62   2034  16516
    62   2034  16516
   350   2636  16516
   350   2664  17094
    -2   2664  17094
    -2   2636  16516
    -2   2636  15532
    -2   2664  15446
    -2   2664  14838
  -472   2818  14838
  -120   2818  14838
   750   3076  14838
  1106   2798  15134
  1106   2798  15134
  1780   3076  14838
  2002   3218  14838
  2002   3218  14838
  1780   3094  14838
  1780   3094  15104
  1780   2790  15712
  1780   2790  15712
  1644   2790  15712
  1644   2668  15712
  1780   1092  15712
  1780   -470  15712
  1644   -866  16072
  1644   -596  16416
  1780  -1060  17186
  1644   -596  17186
  1780   -596  16416
  2002  -1006  16416
  2002  -1006  16416
  2002   -696  16416
  1760  -1006  17186
  1556  -1006  17186
  1216  -1074  16416
  1216  -1074  16644
  1216  -1006  16644
  1216   -696  16348
   920   -300  16348
   726   -300  16644
   488   -696  16644
   212   -540  16348
  -100   -540  15970
  -100   -540  16348
  -100   -540  16696
 -1020   -540  16504
 -2050     44  16504
 -2408   -540  16504
 -2408   -676  16504
 -2408   -536  16504
 -2618    -92  16504
 -3424   -676  16504
 -5440   -676  16126
 -5440   -676  16126
 -6854   -676  16102
 -6854     96  16102
 -6854   -676  16102
 -7188  -1404  16102
 -7188  -1404  14818
 -7188  -1404  13772
 -6854  -1404  13772
 -5898  -2224  14818
 -4214  -1400  15552
 -3186   -702  14862
 -2854   -702  14862
 -3186   -858  14298
 -3716  -1052  14298
 -4582  -1052  14862
 -4582  -1052  15552
 -5768  -1624  17018
 -4582  -1624  17018
 -3884  -1052  15552
 -3884   -858  16538
 -4246  -1052  17784
 -3884  -1052  17784
 -3884  -1052  17784
 -3884   -858  17504
 -3884   -670  17984
 -3884   -858  18466
 -3884  -1052  18884
 -3516   -858  18466
 -3492   -670  18466
 -3884   -858  18466
 -3884   -796  18466
 -3884   -322  17984
 -3492    112  17984
 -3278    112  17984
 -2596    112  17984
 -1944   -258  17504
 -1944    112  17268
 -2604    320  17268
 -3278    320  17268
 -3278    320  16552
 -3278    320  16552
 -3436    320  17468
 -3436    320  17014
 -3414   -110  17014
 -2604   -110  16334
 -1880   -110  16334
 -1880   -110  16334
 -2604   -110  16334
 -2762   -110  16334
 -2692   -110  17014
 -3502    -50  16334
 -3502    -50  16334
 -3502    -50  16334
 -3838    -50  15222
 -3972    608  15222
 -3974    608  15984
 -3974   1834  16446
 -3974   3386  16546
 -3842   2926  16546
 -3842   1392  17368
 -3636   1392  16546
 -3636   2142  16196
 -3842   2926  16088
 -3842   2926  16088
 -3994   2658  16088
 -3994   2926  16088
 -3842   2926  15338
 -3636   2658  16088
 -3106   2658  16088
 -2344   2926  16088
 -1718   2658  16196
 -2268   2500  16196
 -2268   1968  16196
 -1718   1968  16460
 -1628   1968  16460
 -1628   2500  16188
 -1628   2244  16188
 -1628   1728  16352
 -1628   1728  16352
 -1628   2244  15812
 -1628   2244  16084
 -1628   2244  17158
 -1628   2244  17158
 -1760   2500  16084
 -1760   2260  17352
 -1760   1490  16084
 -1760   2260  17352
 -1760   2672  16516
 -1760   2260  17244
 -1760   1490  15976
 -1908   1490  15346
 -1908    410  15346
 -1908    924  15346
 -1908   2416  15346
 -1908   1276  15976
 -2118    196  15778
 -2174    196  15142
 -2688    196  14716
 -3064   -512  15142
 -3064  -1240  15778
 -3064  -1736  15778
 -2850   -884  15142
 -2486  -1070  15374
 -1556  -1736  15374
  -812  -1822  15374
  -812  -1376  15374
 -1580  -1822  15142
 -2486  -1822  14716
 -2862  -1822  14716
 -2862  -1376  14236
 -2486  -1822  14716
 -2486  -1376  14716
 -2228  -1822  15368
 -2880  -1960  14656
 -3256  -1960  14656
 -3256  -1750  14888
 -3024  -1750  14938
 -2508  -1376  14938
 -2508  -1376  14938
 -3024   -966  14226
 -2884   -966  14226
 -2884   -966  14150
 -2884   -966  14140
 -2884   -760  14266
 -2884   -306  14266
 -2870   -306  15238
 -2870    172  15238
 -2780   -306  16738
 -2780    466  15238
 -2780   1086  16738
 -3026   1086  16564
 -2614   1086  16564
 -2614   1730  16564
 -2104   1730  16564
 -1788   1730  16564
 -1788   1730 