[INFO] Init Queue
[INFO] Init Cam
[INFO] elasped time: 0.13
[INFO] approx. FPS: 7.56
[INFO] sampling THREADED frames from `picamera` module...
I2C am Start
     0      0
     0      0
     0      0
     0      0
     0      0
     0      0
     0      0
     0      0
     0      0
   374     -4
   754    -16
   766    -26
   766    -26
   766    -27
   772    -31
   780    -40
   780    -45
   780    -47
   788    -50
   788    -50
   788    -50
   788    -50
   788    -50
   790    -56
   794    -98
   790   -169
   790   -254
   758   -419
   758   -816
   698  -1129
   698  -1322
   698  -1521
   698  -1697
   698  -1697
   698  -1697
   698  -1936
   698  -1936
   698  -1936
   698  -1947
   846  -2106
   706  -2182
   884  -2204
  1024  -2230
  1024  -2281
   884  -2274
   884  -2457
   884  -2457
  1024  -2457
  1024  -2274
  1040  -2122
  1024  -1941
  1040  -1847
  1202  -1809
  1352  -1809
  1202  -1809
  1040  -1743
  1202  -1479
  1352  -1184
  1352   -970
  1186   -806
  1352   -727
  1352   -700
  1352   -626
  1102   -493
  1352   -402
  1378   -331
  1378   -122
  1352    109
  1102    233
  1106    452
  1544    452
  1294    631
   472   1024
   472   1024
  -136   1031
   820   1045
   820   1045
  -136   1130
   820   1130
  1568   1045
   820   1045
  -136   1055
  -136   1055
   596   1021
   596   1021
   216   1021
   216   1021
   930   1021
  1310   1003
  1310    977
   930   1003
  1296    977
  1538    977
  1538    977
  1538    958
  1296    958
  1296    977
  1570    958
  1296    977
  1296   1013
  1372   1034
  1570   1046
  1570   1002
  1372   1046
  1216   1098
  1372   1098
  1372   1196
  1372   1196
  1372   1263
  1372   1263
  1570   1225
  1418   1281
  1426   1225
  1216   1281
  1216   1281
  1216   1225
  1172   1158
  1172   1158
  1172   1158
  1086   1079
   838    993
   440    908
   440    811
   440    758
   440    686
   188    577
   440    471
   724    411
   440     -9
   440   -650
   440  -1249
   724  -1686
   342  -1964
   630  -2310
   630  -2440
   630  -2440
   670  -2440
   630  -2440
   336  -2440
   630  -2440
   664  -2440
   664  -2440
   128  -2440
  -422  -2306
   128  -1647
   128   -727
  -398   -269
  -398   -152
   128     49
   -72    398
   -72    682
   -72    682
   -72    935
  -398   1156
   -72   1258
   464   1258
   -72   1156
   338   1258
   604   1300
   604   1300
   338   1300
   338   1300
   338   1300
   604   1300
   604   1303
   604   1379
   604   1406
   338   1437
  -366   1580
 -1116   1622
 -1642   1750
 -1642   1884
 -1642   2000
 -1734   2353
 -1734   3077
 -2318   5503
 -2636   8615
 -3016  10583
 -3016  11375
 -3016  12511
 -3016  14249
 -3016  15946
 -3102  17287
 -3102  17762
 -3102  18839
 -2488  20891
 -2488  22214
 -2238  22536
 -1802  22856
 -1436  23519
 -1306  23875
 -1436  24144
 -1436  24371
 -1708  24623
 -1708  24778
 -1074  24778
 -1074  24862
 -1074  24862
 -1708  24778
 -2074  24862
 -2238  24948
 -2238  25005
 -2074  25026
 -2074  25026
 -2074  25026
 -2074  24969
 -2074  24842
 -2578  24623
 -2892  24599
 -2892  24314
 -2892  24314
 -2318  23641
 -2318  22960
 -2892  21883
 -3338  20788
 -3508  20360
 -4272  19835
 -3508  19552
 -3062  19224
 -2404  18827
 -2404  18500
 -2404  17702
 -2404  17035
 -2404  16898
 -2656  16898
 -2404  16898
 -1946  16898
 -1546  16898
 -1344  16898
 -1546  16898
 -1946  16898
 -2428  17024
 -2428  17116
 -2428  17482
 -2428  17890
 -1946  17946
 -1946  18336
 -2428  18861
 -2794  19093
 -2794  19200
 -1996  19200
 -1996  19200
 -2794  19297
 -2910  19419
 -2910  19471
 -2910  19419
 -3056  19471
 -3056  19471
 -3056  19534
 -3056  19689
 -2910  19797
 -1718  19815
  -490  20001
  -308  19815
   220  19691
    76  19691
    76  19691
    76  19521
    76  19628
  -490  19985
  -490  20192
  -490  20299
   -40  20299
   488  20006
   -40  19826
   -78  19826
   -78  19826
  -934  20006
  -680  19618
  -680  19323
 -1998  19194
 -2652  19069
 -2652  18920
 -2652  18920
 -2652  18920
 -2652  19069
 -2652  19194
 -2350  19069
 -1696  18920
  -680  18539
 -1696  18129
 -2080  18129
 -2080  18331
 -2080  18424
 -2080  18424
 -2080  18290
 -2080  18215
 -2152  18215
 -2422  18215
 -2422  18215
 -2422  18215
 -2426  18233
 -2906  18309
 -3078  18424
 -3210  18549
 -3210  18549
 -3078  18538
 -3210  18622
 -3210  18683
 -3210  18683
 -3116  18683
 -3210  18683
 -3210  18622
 -3210  18622
 -3210  18622
 -3210  18622
 -3116  18622
 -3038  18421
 -2234  17684
 -2234  16824
 -1354  16284
 -1354  15994
 -1092  14788
  -962  13413
  -916  11593
  -884   9589
  -884   9084
  -556   8938
  -556   8547
  -210   7511
  -210   6804
   -54   5316
   514   3809
   240   3519
   -54   2604
  -210   1096
  -210   -653
   -54  -1695
   240  -1986
   240  -2963
   674  -3531
   674  -3704
   722  -3704
   722  -3804
   240  -3977
   722  -3977
  1098  -3977
  1588  -3977
  1266  -3977
  1374  -3977
  2220  -3804
  1374  -3704
  1374  -3433
  2220  -3198
  2220  -2856
  2220  -2422
  2220  -2209
  2220  -1699
  1374  -1157
  1374   -747
   636   -210
  1394    179
  1482    446
  1482    721
  1482    930
   636   1006
   636   1126
   636   1232
   998   1232
  1044   1232
   702   1232
   702   1189
   702   1189
   104   1189
   104   1168
   702   1105
   702    978
   702    978
   702    896
   702    860
   892    749
   892    654
   390    654
   892    619
   892    381
   892    -21
   892   -399
   650   -620
   650   -699
   292   -699
   794   -699
  1036   -699
  1036   -699
  1142   -771
  1428   -771
  1622   -809
  1622   -809
  1164   -771
  1622   -725
  1622   -652
  1622   -620
  1164   -385
  1530    -63
  1164    -63
  1164    150
  1164    341
   952    436
  1164    515
   952    551
  1164    551
  1164    696
   952    651
   952    782
   794    845
   794    891
   742    898
   742    869
   742    845
   742    845
   742    845
   794    845
   794    800
   794    557
   466    557
  1046    474
  1046     61
  1180   -162
   898   -162
  1180   -162
  1354   -241
  1354   -272
  1988   -272
  2328   -272
  2494   -351
  2606   -502
  2606   -502
  2704   -502
  2454   -351
  2348   -272
  2454   -241
  2446   -201
  2446    -86
  2446      1
  2446      1
  2320     38
  2320     96
  2320    222
  2416    321
  2320    381
  2096    511
  1396    619
   898    719
   360    801
  -676   1025
 -1184   1278
 -1184   1336
 -1286   1404
 -1658   1565
 -1658   1756
 -1998   5073
 -1998  11054
 -2062  15693
 -2408  18804
 -2782  20820
 -2868  22799
 -3600  24893
 -4886  27007
 -6048  30267
 -6048  32551
 -6048  32767
 -6048  32767
 -6048  32767
 -6048  32767
 -5936  32767
 -5936  32767
 -6488  32767
 -6648  32767
 -6488  32767
 -5936  32767
 -4886  32767
 -4886  32767
 -3896  32767
 -3258  32767
 -3258  32767
 -4682  32767
 -4358  32767
 -3258  32361
 -2788  31342
 -1762  30689
 -3258  30245
 -4358  29659
 -4358  28760
 -3258  27996
 -1762  27365
 -2410  25870
 -2410  24884
  -938  23037
 -1444  20782
 -2410  19993
 -2410  19685
 -2410  18883
 -3110  16498
 -2520  14860
 -2520  14691
 -1444  14255
 -1444  13807
 -1444  13629
 -1444  12979
 -2520  11588
 -2520  10782
 -1444  10548
 -1060  10268
 -1060  10205
 -1444   9814
 -2144   9814
 -1530   9814
 -1530   9814
 -2606   9814
 -1926   9814
 -1926   9814
 -2710   9814
 -2252   9814
 -2970  10266
 -2298  10763
 -3012  12038
 -3012  13312
 -3560  14052
 -3560  14854
 -3012  15527
 -3012  16227
 -3012  17233
 -3012  17849
 -3560  18054
 -3584  18354
 -3660  18820
 -3660  19076
 -3660  19602
 -3160  20408
 -3292  20891
 -3292  21103
 -3292  21258
 -3826  21737
 -3292  22252
 -3292  22443
 -2198  22443
  -954  22443
  -954  22482
 -1712  22620
 -1712  22620
 -1712  22948
 -2072  23167
 -2072  23167
 -1712  23167
 -1712  22960
 -1712  23045
 -2054  22705
 -2322  22831
 -2558  23045
 -2322  22831
 -2080  22625
 -1830  22498
 -1830  22385
 -2080  22202
 -2322  22104
 -2354  22104
 -2606  21846
 -2606  21542
 -2354  21430
 -2354  21196
 -2336  20905
 -2080  20230
 -2080  19701
 -2080  19639
 -1716  19408
 -1226  18614
 -1226  17826
  -646  16466
  -364  13672
  -310  11548
   -42  10888
  -310  10511
  -310   9982
   -12   9594
   666   8683
   666   7809
  1118   6470
   666   4779
   666   2570
    38   -743
    38  -2840
    38  -3537
  -258  -3695
  -274  -3943
  -224  -4288
  -276  -4290
  -224  -4455
  -224  -4455
    38  -4594
    38  -4594
  -224  -4594
  -224  -4455
    38  -4455
    98  -4455
  -224  -4455
    98  -4455
    98  -4290
    82  -3643
  -258  -2749
  -258  -2155
    82  -1612
    82   -949
   924   -577
   924   -502
   924   -401
   924   -285
   158   -151
  -110    131
  -110    357
  -204    545
  -110    952
  -110   1054
  -110   1329
  -204   1329
  -206   1329
  -206   1421
  -206   1421
  -110   1421
  -110   1421
  -110   1421
  -110   1296
    -8   1296
    -8   1286
    -8   1044
    -8    834
   -30    483
   -30    193
  -500   -301
  -500   -726
    96   -726
    -4   -726
    96   -872
    96  -1092
    96  -1092
   382  -1092
   898  -1092
   898  -1092
   898  -1092
  1468   -811
  1468   -524
  1468   -524
  1870   -354
  1870   -354
  1870   -305
  1214     -7
  1870    380
  1870    610
  1870    743
  1870    856
  1886    856
  1886    856
  1800    975
  1768    975
  1800    856
  1768    743
  1682    743
  1060    743
  1060    610
   426    544
  1060    304
  1060    204
   426     71
   426     71
  1060   -119
  1594   -168
  1328   -168
  1594   -198
  1544   -382
  1296   -382
   794   -382
  1296   -443
   794   -443
  1296   -565
  1154   -465
  1154   -465
  1154   -330
  1154   -270
  1370   -270
  1370   -198
  1370   -198
  1154   -145
  1154     70
  1006    509
   374    828
  -246    932
  -544    932
 -1350    999
 -2114   1122
 -2538   1768
 -2538   2811
 -2914   7159
 -2784  13231
 -3624  18185
 -4342  20681
 -4342  23115
 -4342  25109
 -4574  27233
 -5240  30347
 -6056  32261
 -6656  32767
 -6930  32767
 -6558  32767
 -6056  32767
 -5240  32767
 -5240  32767
 -5240  32767
 -5240  32767
 -5132  32767
 -5132  32767
 -4120  32767
 -4120  32767
 -4120  32767
 -3478  32767
 -3478  32767
 -3064  32767
 -2848  32767
 -2848  32767
 -2740  32767
 -2740  32767
 -2426  32767
 -2062  32767
 -2426  32767
 -3058  32286
 -3480  31495
 -3480  31155
 -3058  30972
 -2426  30138
 -2078  28984
 -1932  27841
 -1932  25589
 -2078  23170
 -2176  21547
 -2176  20674
 -2078  19800
 -2078  18034
 -1932  16147
 -1464  14956
 -1082  14329
 -1082  13728
 -1082  12975
  -850  12360
  -536  12230
  -424  12018
  -258  10745
  -258   9469
  -424   9106
  -430   8289
  -430   7189
  -430   6374
  -542   5874
  -542   5727
  -542   5727
  -542   5727
  -542   5727
  -542   5727
  -542   5727
 -1190   5874
 -1726   6326
 -1078   6326
  -464   6326
 -1026   6326
 -1140   7655
 -1140   8895
 -1140  10134
 -1140  11263
 -1140  11705
 -1140  13088
 -1140  14637
 -1140  15343
 -1140  15640
 -1140  15924
  -606  16511
  -412  17096
  -412  17569
  -606  18209
  -606  18614
  -606  18724
  -606  19002
  -960  19560
 -1152  20215
  -936  20778
  -936  21121
 -1152  21343
 -1428  21626
 -1152  21626
 -1076  21874
 -1152  22025
 -1474  22151
 -2194  22151
 -1930  22151
 -1474  22025
 -1474  22025
 -1930  22151
 -2376  22248
 -1930  22248
 -1930  22151
 -1666  22025
 -1666  21934
 -1930  21686
 -2376  21686
 -2948  22067
 -2948  22067
 -2948  21608
 -2684  21181
 -2684  21181
 -2692  20820
 -2704  20551
 -2704  20088
 -2120  19586
 -1856  19462
 -1856  19462
 -2306  19435
 -2306  19303
 -1856  17470
 -1856  15538
 -1532  15068
 -1060  14792
     6  14301
   710  13670
  1064  12151
  1064  10494
  1064   9698
  1006   8737
  1006   6227
   298   3673
  1006   1743
  1450   -464
  1450  -1664
  1450  -2405
  1450  -3433
   742  -4413
  1892  -4858
  1892  -5029
  2316  -5131
  2316  -5131
  2014  -5148
  1662  -5148
  1662  -5148
  1328  -5148
  1106  -5148
  1106  -5148
  1328  -5148
  1328  -5148
  1106  -5148
  1106  -4914
   662  -4106
   662  -3242
  1106  -3019
  1450  -2873
  1130  -2622
  1130  -2475
  1106  -2180
  1130  -1903
  1106   -671
   776    594
   342    903
   342   1185
   342   1330
    46   1422
    46   1485
   -20   1584
  -352   1741
   -20   1851
   342   1851
   342   1864
   800   1851
    94   1742
    94   1742
    94   1742
  -352   1742
  -256   1644
  -444   1584
  -444   1544
  -256   1521
   290   1307
  1060   1053
   290    743
  -256    506
   290     84
   978   -269
  1382   -308
  1520   -326
  1520   -326
  1520   -444
  1520   -444
  1382   -444
  1382   -444
  1438   -444
   978   -443
   978   -426
   978   -426
  1606   -426
  1606   -676
  1274   -409
   640   -256
   -80   -222
   640     76
  1274    292
  1274    373
   640    411
   252    411
   -80    468
   -80    541
   -80    579
   252    650
   252    579
   742    586
   252    554
   252    554
   678    554
   678    534
   140    554
   140    586
   678    554
   948    534
  1164    503
  1164    450
  1164    450
   948    450
  1364    296
  1754    296
  1954    169
  1754     31
  1754   -167
  1364   -240
  1412   -321
  1412   -541
  1412   -541
  1754   -541
  2146   -541
  2146   -591
  2146   -659
  1768   -659
  1730   -659
  1416   -565
  1326   -447
  1326   -390
  1154   -314
  1154   -314
  1112   -234
  1070   -198
  1070    -65
  1070    134
   770    255
  1070    305
  1074    381
  1074    511
  1074    744
   870    744
   870    915
   552    948
   552   1001
   552   1041
   552   1100
   552   1203
   364   1329
   324   1478
   224   1591
   224   1715
   224   1926
  -114   2302
  -746   3046
 -1308   4713
 -2612   7779
 -3832  12989
 -3944  18585
 -3944  22129
 -3832  23374
 -4252  23959
 -4862  24451
 -4862  25943
 -5204  27493
 -5204  28933
 -5204  31513
 -4862  32767
 -4252  32767
 -3832  32767
 -3832  32767
 -4144  32767
 -4144  32767
 -4144  32767
 -3658  32767
 -3658  32767
 -3658  32767
 -3658  32767
 -2948  32767
 -3658  32767
 -4472  32767
 -3980  32767
 -3274  32767
 -3980  32767
 -3406  32767
 -3980  32767
 -3980  32767
 -3980  32767
 -4942  32767
 -4942  32767
 -4558  32767
 -3406  31668
 -4558  29039
 -4558  27238
 -4558  26836
 -3764  26586
 -3406  26427
 -2692  25557
 -2692  24381
 -2090  22000
 -1630  19354
 -1208  18716
 -1630  18648
 -1630  18340
 -1630  17964
 -1208  17424
  -892  16367
 -1208  15416
 -1078  14912
 -1078  14550
 -1078  14279
 -1208  14117
 -1208  14010
 -1078  13931
 -1078  13842
 -1078  12891
  -884  11570
  -884  10351
 -1198  10008
 -1506   9671
 -1506   9405
 -1726   9405
 -1726   9405
 -1726   9405
 -1506   9405
 -1726   9405
 -1860   9405
 -1860   9405
 -1962   9534
 -1962   9994
 -1962  10331
 -1950  10719
 -1726  11286
 -1726  11912
 -1726  13782
 -1726  15798
 -1950  16265
 -1726  16528
 -1374  16934
  -894  17427
  -856  17799
  -856  17993
  -856  18178
  -856  18314
 -1598  18675
 -1598  19768
  -806  20909
  -408  21257
  -408  21315
  -806  21456
  -408  21727
  -408  21909
  -918  21954
 -1412  22029
 -1412  22029
  -914  22116
  -914  22218
 -1412  22544
 -1784  22830
 -1784  22830
 -1784  22830
 -1784  22918
 -1784  22966
 -1784  23075
 -1784  22966
 -1412  22918
 -1412  22620
 -1412  22620
 -1784  22620
 -1784  22663
 -2412  22663
 -2412  23048
 -1784  22663
 -1424  22334
 -2412  22334
 -2412  22281
 -1990  22154
 -1786  22029
 -1380  21828
 -1380  21398
 -1380  20324
  -896  18382
  -896  16736
  -864  15700
  -864  14984
  -864  14795
  -864  14704
  -864  14467
   -92  13137
   558  10682
   638   8951
   928   8521
   638   7192
   558   5504
   558   4628
   558   3562
   638   1508
   850  -1167
   850  -2859
   632  -3489
   566  -3489
   566  -3489
   784  -3489
   982  -3489
  1040  -3489
   982  -3489
  1040  -3489
   982  -3489
   934  -3365
   904  -3224
   904  -2718
   736  -2338
   904  -2240
   904  -2136
   904  -2069
   946  -1173
   946   -176
   946     64
   946    164
   946    203
   946    386
   946    590
   946    898
   904   1349
   904   1589
  1000   1589
   496   1589
   496   1589
  1000   1589
   566   1589
   232   1589
   518   1349
   232   1349
   518   1023
   814    838
   814    681
   814    498
   518    498
   814    410
  1046   -137
  1268   -810
  1358   -980
  1358  -1049
  1358  -1307
  1136  -1307
  1136  -1307
  1136  -1307
  1136  -1307
  1136  -1307
  1136  -1307
  1136  -1307
  1136  -1307
  1200   -996
  1072   -814
  1200   -697
   600   -658
   368   -574
   368   -213
    -2    120
  -678    220
  -678    317
 -1344    496
 -1594    749
 -1344    871
  -678    911
  -678    911
  -320    893
  -320    893
  -320    893
  -320    919
   302    919
   302    919
   302    919
   302    919
   302    893
   302    792
  -168    671
   126    671
   648    671
   648    584
    26    424
    26    158
   648    -64
    26    -64
  -410    -64
  -410     31
  -166    -67
   128   -143
   128   -398
  -166   -398
  -166   -385
   128   -468
   128   -468
   754   -468
   754   -345
   754   -213
  1240    -67
  1532    -67
  1240    -67
  1240     31
  1240    122
  1240    195
   562    219
   562    219
   562    219
  -530    586
 -1656   1200
 -2344   1467
 -2344   1633
 -2104   1909
 -2104   2460
 -2344   6111
 -2482  11943
 -2600  16309
 -2722  18420
 -2722  20351
 -2722  23919
 -3660  26651
 -5248  27593
 -5812  28037
 -6074  30013
 -6074  32257
 -5812  32767
 -5436  32767
 -5436  32767
 -5436  32767
 -5812  32767
 -5812  32767
 -5812  32767
 -5812  32767
 -6074  32767
 -6074  32767
 -6074  32767
 -5812  32767
 -5516  32767
 -5516  32767
 -5516  32767
 -5664  32767
 -5664  32767
 -5568  32767
 -5568  32767
 -5568  32767
 -5568  32767
 -5792  32767
 -5568  32038
 -5568  31071
 -4970  30647
 -4292  30452
 -4292  29472
 -3740  26462
 -3740  24314
 -2898  23925
 -2104  23326
 -2104  22964
 -2104  21725
 -2104  19040
 -2898  17456
 -2898  17097
 -2898  16568
 -2898  15985
 -2104  15287
 -1696  13364
 -1696  11611
 -1056  11272
 -1056  11096
 -1056  10688
 -1696  10091
 -1696   9764
 -2220   9620
 -1580   8737
  -636   7639
 -1160   7284
 -1596   7100
 -1682   6844
 -2190   6844
 -2190   6844
 -1682   6844
 -1682   6844
 -1682   6844
 -2094   6844
 -2436   6844
 -2532   7100
 -2532   7284
 -2532   7514
 -2436   8229
 -2346   8905
 -2020   9479
 -2020  10023
 -2020  10414
 -2020  11730
 -2020  13578
 -2020  14656
 -2346  15252
 -2346  15731
 -1938  16087
 -1566  16371
 -1566  16410
 -1194  17585
  -852  19436
  -852  20220
  -536  20630
  -536  21033
  -536  21255
  -536  21441
  -536  21660
  -852  21907
  -852  21907
  -852  21907
  -852  22018
  -852  22132
  -852  22325
  -536  22325
   -84  22325
   -84  22325
   -84  22325
   -84  22220
  -612  22220
 -1136  22320
 -1664  22152
 -1136  22064
 -1136  22064
  -468  22018
    76  21860
    76  21362
   -70  20872
   -70  20519
   -70  20519
   -80  20254
    50  20004
    34  19365
    34  18538
    34  17352
   -86  16321
    34  15829
    66  15482
   102  14693
   418  13875
   780  12801
   864  11198
   946   9823
   862   8267
   862   7246
   418   6045
   418   4075
   862    976
  1418  -1859
  2226  -2575
  2688  -3251
  2824  -3934
  2824  -4144
  2688  -4347
  2226  -4475
  2226  -4739
  2688  -4739
  2298  -4834
   870  -4834
   104  -4834
   104  -4834
   -20  -4834
  -286  -4834
   -20  -4834
    20  -4570
   180  -4570
   180  -4488
   180  -4002
    20  -3604
   -56  -3353
   -56  -3030
  -198  -2630
  -198  -2153
  -122  -1783
   -56  -1667
    20  -1555
    20   -618
    20    422
   180    706
    20    869
   -82    917
   -82   1099
   -82   1424
  -146   1740
  -146   1740
  -146   1910
   128   1910
   128   1910
   796   1740
  1306   1598
  1734   1598
  1734   1598
  1734   1413
  2102   1133
  2102    951
  1734    806
  1734    806
  1734    418
  1788    175
  1788     93
  2004     93
  2456    -69
  2456   -282
  2456   -282
  2452   -413
  2752   -503
  2752   -503
  2752   -696
  2452   -503
  2452   -503
  2004   -503
  2004   -503
  2452   -503
  2300   -503
  1738   -322
  2300   -116
  1738    -71
  1738    -11
  1166    173
  1738    350
  1166    220
   422    402
    58    449
   422    495
    58    535
    58    574
    58    574
   -30    589
    58    586
   -30    586
   -30    586
   -30    586
   -30    762
    58    762
   316    586
   316    535
   504    531
   610    454
   504    454
   316    259
   504    259
   816    -40
  1342   -182
  1342   -376
  1888   -729
  1666  -1028
   816  -1178
   816  -1178
   646  -1178
   646  -1178
   950  -1178
  1366  -1217
  2240  -1388
  3002  -1393
  3002  -1393
  2240  -1393
  1196  -1250
  1196  -1217
  1196  -1178
  1662   -701
  1662   -701
  1196   -185
   606   -127
   606    128
   606    247
   606    390
   652    456
  1162    678
  1578    678
  1578    678
  1034    808
   202    971
   202   1127
  -136   1260
    82   1260
    82   1260
    82   1260
  -136   1345
  -190   1581
  -434   1664
  -890   1758
  -890   1836
  -434   1848
  -890   2173
 -1232   4371
 -1888   8701
 -3074  13328
 -4030  17958
 -4030  21095
 -4030  23381
 -4030  25181
 -4412  25493
 -4510  27701
 -4510  30691
 -4510  32164
 -4412  32767
 -4412  32767
 -3784  32767
 -3078  32767
 -2966  32767
 -2822  32767
 -2966  32767
 -3078  32767
 -2966  32767
 -2966  32767
 -2822  32767
 -2716  32767
 -2180  32767
 -2180  32767
 -1664  32767
 -1664  32767
 -1664  32767
 -1664  32767
 -2224  32767
 -2224  32767
 -2224  32767
 -1370  32767
 -2214  32010
 -2214  31206
 -1186  30975
 -2214  30467
 -2214  29620
 -2214  29055
 -3540  28676
 -1712  26446
 -1992  23854
 -1992  22491
 -3540  20974
 -4544  19227
 -5108  18264
 -4904  18184
 -3714  17831
 -2914  17326
 -2734  15583
 -2734  13686
 -2914  13190
 -3126  12685
 -3246  12237
 -3246  12009
 -3278  11776
 -3196  11406
 -3126  10970
 -2908   9949
 -2424   8921
 -2908   8714
 -3126   8714
 -3196   8714
 -3126   8698
 -2908   8698
 -2908   8698
 -3126   8698
 -2642   8698
 -2642   8698
 -3196   8714
 -3196   8838
 -2674   9036
 -1920   9126
 -1920   9528
 -2114  10473
 -2114  11527
 -2554  11926
 -2796  12631
 -3144  14610
 -3144  16327
 -2796  16843
 -2554  17105
 -2114  17509
 -2554  17831
 -2554  17931
 -2554  18539
 -2554  20016
 -2690  20964
 -2690  21044
 -2554  21130
 -2554  21326
 -2554  21683
 -2690  21890
 -2870  22035
 -2962  22192
 -2962  22256
 -2870  22361
 -1856  22432
  -788  22432
  -788  22432
 -1856  22538
 -2870  22846
 -2962  23102
 -3162  23216
 -3162  23216
 -3162  23216
 -2480  23216
 -1702  23102
 -1702  22922
 -1934  22742
 -1934  22922
 -1934  22922
 -1636  22922
 -1362  22742
 -1362  22523
  -826  22237
 -1362  22066
 -1414  22005
 -1414  21877
 -1414  21877
 -1362  21537
 -1362  21090
 -1268  20669
 -1112  20131
 -1268  18754
 -1268  17546
 -1268  16935
 -1268  15809
 -1268  14512
 -1112  13363
  -570  11980
  -380  10650
  -380   8876
  -380   7547
    68   7122
  -560   5979
  -368   4871
   154   2963
   154    411
   154  -2445
   154  -4514
   430  -4514
   558  -4514
   558  -4514
  1110  -4514
  1256  -4514
  2370  -4514
  2370  -4514
  2370  -4514
  2362  -4514
  1248  -4495
  1014  -4109
  1014  -3663
  1294  -3207
  1294  -2845
  1784  -2252
  1784  -1592
  1784  -1187
  1784   -783
  1294   -415
  1424   -175
  1424    -36
  1190    201
  1014    493
   278    580
   324    679
   324    749
  1190    794
   900    801
   900    836
  1190    913
  1030   1064
  1362   1064
  1362   1064
  1362   1064
  1030   1064
  1362    913
  1030    913
   956    806
  1246    764
  1288    749
   956   -214
   956  -1038
  1288  -1038
  1532  -1117
  1532  -1117
  1416  -1183
  1660  -1183
  1660  -1183
  1660  -1183
  1226  -1183
  1226  -1183
  1226  -1117
  1226   -991
  1304   -912
  1404   -797
  1404   -602
  1404   -425
  1404   -180
  1404     78
  1404     78
  1404     78
  1404    234
  1304    234
  1094    554
   800    843
  1094    926
   800   1014
   800   1126
  1094   1126
   800   1014
   800   1014
   648   1014
   648   1014
   648    907
   316    907
  -102    808
   316    598
   186    339
  -422    131
  -956    339
  -956    339
  -956    131
  -956    -17
  -422    -17
   -58    -17
  -128    -24
    46    -24
   544   -242
    46   -242
   544   -244
   544   -244
   974   -244
   974    -26
   544    -17
   544      6
   544      6
    46    104
    46    189
   544    205
   974    205
   974    248
   974    443
   944    652
   446    760
  -186    760
  -590    851
  -916   1158
 -1290   1558
  -916   1849
 -1008   2319
 -1008   2319
 -1298   6220
 -1668  12851
 -2630  17665
 -2700  21062
 -3808  22955
 -3870  23694
 -3870  24253
 -4088  25517
 -4088  27752
 -4408  29812
 -4488  31755
 -4284  32767
 -4284  32767
 -4088  32767
 -3870  32767
 -4088  32767
 -4284  32767
 -4488  32767
 -4692  32767
 -4862  32767
 -4692  32767
 -4488  32767
 -4168  32767
 -4568  32767
 -4066  32767
 -4658  32767
 -4658  32767
 -4054  32767
 -3820  32767
 -3236  32767
 -3236  32767
 -3634  32138
 -2904  31169
 -3066  30393
 -3386  29507
 -3066  27399
 -2700  24449
 -2642  22047
 -2642  20801
 -2538  20648
 -2642  20094
 -2798  19306
 -2798  17746
 -2642  16004
 -2538  15325
 -2410  14397
 -2410  13713
 -2538  13666
 -2538  12099
 -2642  10447
 -2416   9959
 -2416   9181
 -2416   8635
 -2416   8493
 -2416   8493
 -2514   8493
 -2514   8493
 -1972   8493
 -1972   8493
 -2646   8493
 -2996   8493
 -1972   8493
 -1972   8635
 -2996   8688
 -3766   8903
 -3766   9250
 -3766  10352
 -3554  11847
 -3554  13291
 -3050  14336
 -3050  14670
 -3050  15141
 -3378  15647
 -3024  17084
 -2294  18494
 -1774  18687
 -1726  18849
 -1806  18956
 -1806  19086
 -1806  19450
 -1640  19838
 -1640  20182
 -1640  20359
 -1640  20773
 -1640  21116
 -1504  21237
 -1504  21519
 -1038  21754
 -1038  21754
 -1504  21754
 -1640  21936
 -1640  22100
 -1640  22075
 -2278  22193
 -2278  22075
 -2626  22075
 -3134  22075
 -3134  22193
 -2676  22075
 -2466  21900
 -2466  21668
 -2466  21668
 -2466  21668
 -2222  21668
 -2222  21326
 -2222  20863
 -1828  20621
 -2222  20563
 -2222  19856
 -1828  17889
 -1828  15802
 -1614  13883
 -1614  12298
 -1274  11560
 -1034  10967
  -844   9154
  -624   7385
  -390   3727
  -390  -1360
  -390  -3346
  -390  -3709
  -268  -3926
  -390  -4064
  -268  -4064
   122  -4138
   782  -4382
   782  -4618
   782  -4734
   412  -4734
   412  -4734
   686  -4734
   960  -4734
   960  -4734
   960  -4734
  1198  -4734
  1198  -4734
   960  -4383
   960  -3682
  1198  -3232
  1374  -3169
  1780  -2811
  1374  -2411
  1374  -2284
  1374  -2097
  1102  -1799
   668   -634
   668    486
  1102    707
  1102    771
  1374    813
  1374    966
  1516    966
  1516    966
   940    966
   940    966
   688    966
   688    813
   688    771
  -224    725
  -512    725
  -512    725
  -224    652
   552    548
  -224    392
  -224    125
  -224    125
  -224     69
  -224    -79
  -422   -121
  -544   -121
  -686   -121
  -840   -121
  -840   -121
  -840   -147
  -840   -147
  -570   -121
  -570    -79
  -318    -79
   464    -79
   464     35
  -318    224
  -318    390
  -318    642
  -318    828
   634    828
  1594    642
   634    642
  -318    642
  -814    828
  -814   1063
   634   1063
  1594   1024
  1594    919
  1594    919
  1204    919
   320    828
  1204    668
   320    668
  -502    668
   320    505
  1204    395
   320    292
  -502    107
   320    -22
   320    -40
   168   -247
   780   -112
   992   -112
  1298   -112
  2036   -300
  2036   -556
  2036   -688
  2036   -688
  2036   -688
  2656   -688
  2656   -556
  2656   -556
  2656   -421
  2908   -421
  2656   -421
  2100    -74
  2656    199
  2908    199
  2656    291
  2150    401
  2656    412
  2656    412
  2278    412
  1722    426
  1722    443
  1630    462
  1308    602
  1630    770
  1630    770
  1630    714
  1630    750
  1630    917
  1250   1098
   910   1172
   400   1228
   400   1228
  -142   1426
  -188   1733
 -2830   2135
 -5538   4740
 -5538  10019
 -5538  14938
 -5538  18983
 -4448  21317
 -5596  22890
 -5596  25543
 -5734  27531
 -5734  28670
 -5734  30743
 -5780  32528
 -5780  32767
 -5734  32767
 -5596  32767
 -5380  32767
 -5226  32767
 -5164  32767
 -5164  32767
 -5002  32767
 -4144  32767
 -4144  32767
 -4144  32767
 -5002  32767
 -5002  32767
 -5002  32767
 -3504  32767
 -3504  32767
 -1754  32767
 -1754  32767
 -1754  32767
 -1754  32767
 -1106  32767
  -738  32767
 -1106  31783
 -1754  30317
 -2316  29138
 -1754  28318
 -1106  27624
 -1106  26517
  -992  25777
  -992  25438
  -992  23378
  -992  21435
 -1914  21188
 -2398  20483
 -2620  19737
 -2820  18909
 -2820  17411
 -2820  16384
 -2734  16147
 -2590  15888
 -2734  15617
 -2734  15143
 -2734  14793
 -2512  14068
 -2512  13034
 -2734  12395
 -2820  11687
 -2820  11158
 -3200  11041
 -3144  11041
 -2734  11041
 -2734  11041
 -3114  11041
 -3732  11041
 -3114  11041
 -3114  11041
 -3390  11041
 -3336  11041
 -3336  11536
 -3336  12300
 -3336  13507
 -3470  15269
 -3470  16127
 -3470  16228
 -3336  16822
 -2718  17875
 -2092  18735
 -2092  19470
 -1748  19951
 -2058  20137
 -2146  21082
 -2146  21951
 -2146  21986
 -2058  22085
 -2146  22321
 -2146  22331
 -2112  22457
 -2058  22457
 -2112  22457
 -2146  22457
 -2146  22609
 -2146  22612
 -2146  22612
 -2146  22601
 -2182  22601
 -2200  22885
 -2200  22885
 -2200  22730
 -2318  23098
 -2318  22730
 -2200  22320
 -2200  21989
 -2164  21779
 -2318  21703
 -2318  21614
 -2292  21403
 -2292  21178
 -2292  21074
 -1206  20760
  -196  19100
   -40  15551
   -40  12051
   138  10603
   118  10337
   118  10099
   118   9048
   192   7701
   164   6416
   192   5397
   192   4215
   192   3020
   192   1130
   192  -1606
   192  -3495
   192  -4434
   270  -4434
   430  -4434
   430  -4434
   192  -4434
   168  -4574
   168  -4574
   168  -4574
   168  -4574
   360  -4437
   602  -4213
   866  -4068
   920  -3934
  1306  -3437
  1306  -3437
  1056  -2724
  1056  -2307
  1268  -1970
  1268  -1526
  1268  -1161
  1268  -1004
  1160   -826
  1236   -582
  1136   -253
  1136      1
  1136     46
  1136     91
  1244    185
  1136    270
  1024    298
  1024    298
  1024    385
  1024    385
  1024    410
  1136    491
  1136    605
   970    753
   640    753
   970    753
   616    753
   616    753
   446    605
  -118    605
  -406    605
  -118    447
   248    447
   590    290
   590     80
  1612   -353
  1794   -895
  1794  -1254
  1612  -1425
  1612  -1425
  1612  -1425
  1612  -1425
  1612  -1425
  1794  -1425
  1794  -1425
  1794  -1425
  1794  -1425
  2014  -1309
  2014  -1038
  2014   -869
  2014   -577
  2014   -312
  1794      2
  1526    316
  1114    366
  1114    411
   768    411
   580    411
   380    501
   380    580
   380    580
   380    580
   716    580
   716    501
   380    411
   380    411
   926    366
   926    226
   926     75
  1108     75
  2058   -152
  2058   -533
  2058   -594
  2058   -594
  2058   -594
  1338   -695
  1338   -583
  1338   -690
  1338   -690
   948   -690
   626   -690
   282   -690
    68   -624
    68   -522
    68   -522
    68   -478
   -96   -396
  -198   -268
   -96   -179
   -96   -136
   -96   -136
   -96    -78
   130    147
   132     92
   -82     92
   -82    338
  -334    388
  -334    447
  -334    622
  -792    818
 -1018   1030
 -1018   1260
 -1018   1260
 -1106   1469
 -1212   2899
 -1314   6262
 -1618  10562
 -2406  14153
 -4256  16845
 -4256  20008
 -4256  23350
 -5984  25516
 -6654  26232
 -6654  27151
 -6654  29058
 -6654  31436
 -5984  32767
 -4508  32767
 -3328  32767
 -3328  32767
 -3328  32767
 -3076  32767
 -2954  32767
 -2954  32767
 -3328  32767
 -3328  32767
 -3328  32767
 -3328  32767
 -2954  32767
 -2954  32767
 -2904  32767
 -2904  32767
 -2904  32767
 -3032  32767
 -3302  32767
 -3302  32767
 -4608  32767
 -4652  32767
 -4652  32767
 -4040  32767
 -3302  32767
 -3530  32311
 -4040  31639
 -4040  31052
 -4040  29994
 -4040  28141
 -3530  26865
 -2604  25785
 -3530  23789
 -4040  21672
 -4652  20343
 -4040  19774
 -3530  19303
 -2604  19152
 -1882  18048
 -2604  15710
 -2604  13974
 -2604  13462
 -3268  13297
 -3904  13089
 -3904  11839
 -3904   9982
 -2984   9204
 -2984   8546
 -2058   7990
 -2058   7905
 -2058   7766
 -1860   7536
 -1860   7356
 -1860   7356
 -1860   7356
 -1860   7356
 -2620   7356
 -3108   7356
 -3552   7505
 -3188   7681
 -2620   7681
 -1860   7681
 -1632   7820
 -1632   8753
 -1632  10013
 -2392  10983
 -2416  12425
 -2064  13930
 -2416  14909
 -2836  15019
 -3152  15080
 -3152  15561
 -2836  17524
 -2684  19235
 -2356  19649
 -2776  20084
 -2548  20405
 -2280  20535
 -2064  20614
 -2064  20614
 -2064  20614
 -2064  20641
 -1482  20834
 -1482  21240
 -1482  21627
 -1482  21627
 -1674  21790
 -1674  21790
  -752  21936
  -468  22065
  -306  21936
  -272  21790
  -306  21790
  -306  21882
  -592  21882
  -592  21665
  -592  21153
  -718  20712
  -718  20606
  -718  20606
  -718  20606
  -718  20504
  -718  20351
  -718  20037
  -718  19613
  -274  19018
  -240  18444
  -204  17263
  -204  16026
  -204  14731
  -204  12620
    86  11151
   512  10388
  1142   9840
  1142   8880
  1142   7564
  1684   5885
  1784   4552
  1784   2660
  1684   -190
  1784  -2691
  1784  -4049
  1784  -4304
  1784  -4492
  1946  -4672
  2094  -4672
  1948  -4672
  2106  -4828
  2106  -4828
  2106  -4828
  2106  -4828
  1948  -4828
  1948  -4658
  1742  -4492
  1742  -4315
  1742  -3805
  1890  -3468
  1546  -3443
  1546  -3309
  1546  -2921
  1316  -2540
  1316  -2373
  1120  -2213
  1120  -1914
  1120  -1535
  1120   -672
  1316     33
  1120    171
   702    383
  1120    716
  1160   1069
  1056   1086
   702   1086
   702   1086
  1056   1086
  1160   1086
  1056   1086
  1056   1086
  1056   1086
  1056    969
  1236    927
   432    927
  1236    821
  1236    513
   432    206
   432    129
   432     27
  1236   -195
  1392   -427
  1236   -611
   572   -611
   558   -611
  1392   -611
  1492   -611
  1492   -611
  1884   -748
  1884   -748
  1492   -748
   574   -671
  1492   -427
  1492   -287
  1594   -164
  1728    -66
  1728     30
  2008    118
  2148    118
  1984    399
  1984    567
  1770    706
  1984    706
  1984    768
  1984    764
  1770    764
  1770    800
  1654    805
  1316    805
  1316    810
  1316    810
  1316    805
  1010    800
  1010    764
  1010    764
   888    592
   732    373
   622    279
   622    279
   622    192
   622     96
   622     28
   622   -136
   732   -267
   732   -374
   732   -374
   622   -436
   732   -559
   732   -657
   732   -657
   732   -657
   562   -657
  1032   -657
  1032   -559
  1032   -559
   906   -559
   906   -436
  1610   -436
  1610   -436
  1610   -301
   906    -80
  1610    114
  1722    114
  1652    114
  1652    269
  1774    114
  1774    114
  1652    269
  1652    378
  1652    452
  1652    504
  1774    504
  1652    588
  1652    504
   694    619
   694    904
   694   1283
  -344   1517
  -610   1594
  -954   1814
 -1334   2026
 -2212   2026
 -2212   2535
 -3060   3446
 -3114   7682
 -3784  13070
 -3784  17610
 -3278  20741
 -3278  21243
 -4208  21632
 -4830  22673
 -4830  24688
 -4830  27755
 -5076  30330
 -4714  31774
 -4714  32717
 -4714  32767
 -4714  32767
 -4672  32767
 -4672  32767
 -3742  32767
 -2030  32767
 -3742  32767
 -3286  32767
 -2708  32767
 -2708  32767
 -4420  32767
 -4420  32767
 -4420  32767
 -3612  32767
 -2522  32767
 -3354  32767
 -3354  32767
 -3354  32767
 -3354  32767
 -3354  32767
 -2962  32518
 -2962  31320
 -2224  29149
 -2224  27571
 -2962  26844
 -3354  25450
 -3354  24325
 -3354  23923
 -3754  23565
 -3354  23333
 -2962  23009
 -2962  21844
 -1928  19452
 -1928  17977
 -1928  17691
 -1566  17208
 -2302  16801
 -1756  16631
 -1756  16393
 -1490  15054
 -1136  13487
 -1136  12284
 -1490  12284
 -1490  11246
 -1490  10950
 -1490  10800
 -1490  10800
 -1490  10800
 -1158  10800
 -1158  10800
 -1158  10800
 -1490  10800
 -1756  10950
 -1756  11097
 -1756  11342
 -1934  12628
 -1840  14131
 -2202  14788
 -2416  15329
 -2416  15686
 -2416  15926
 -2202  16588
 -1956  17339
 -2202  17742
 -2202  18138
 -2202  18736
 -1956  19334
 -1956  20419
 -2202  21419
 -2202  21613
 -2454  21730
 -2706  22054
 -2202  22501
 -2202  22613
 -2202  22766
 -2612  22953
 -2460  23040
 -1612  23166
 -1352  23040
 -1100  23040
 -1544  23241
 -2460  23467
 -2210  23557
 -1474  23624
 -1294  23624
 -1294  23624
 -1474  23557
 -1474  23471
 -1474  23471
 -1474  23471
 -1110  23471
  -836  23267
 -1110  23118
 -1474  23118
 -2546  22802
 -2750  22251
 -4140  21898
 -4140  21861
 -4140  21799
 -4514  21734
 -4140  21595
 -2750  21371
 -2750  21178
 -3548  20993
 -3548  20832
 -1980  20686
  -654  20225
  -522  18932
  -522  17488
  -654  16274
  -852  14188
  -786  12416
  -522  11524
  -400  10979
  -400  10628
   558   9369
   558   7741
   558   6946
  -400   6285
  -400   3323
   394    503
   394   -769
   394  -2602
  1400  -3636
   394  -3876
   314  -4098
  -800  -4098
  -800  -4098
   -72  -4098
   552  -4098
   938  -4098
   552  -4098
   552  -4098
   -72  -4098
   -72  -3940
  -760  -3740
   -72  -3023
   552  -2166
   600  -1682
   600  -1136
   520   -824
   -72   -681
   -72   -488
  -396   -356
   148     92
   384    606
   384    789
   288    977
   288   1244
   288   1244
    52   1510
    52   1510
  -208   1510
    52   1510
    52   1510
    52   1510
    52   1377
    52   1377
    52   1377
    52   1004
   288    885
   474    573
   474    117
   658   -519
   658   -617
   658   -822
   954   -822
   954   -822
  1360   -822
   954   -822
  1360   -981
  1360   -981
  2250   -981
  1360   -917
  1714   -917
  2488   -681
  3098   -573
  2488   -509
  1714   -214
  1714     61
  1964    104
  1474    191
  1206    361
  1684    500
  1684    500
  1684    500
  1206    568
  1546    618
  1546    618
  1814    618
  1546    618
  1742    618
  1546    618
  1742    568
  1742    336
  1546    336
  1546     11
  1742   -199
  1742   -365
  1742   -365
  1546   -365
  1742   -472
  1742   -472
  1544   -580
  1544   -472
  1544   -472
  1544   -472
  1610   -472
  1334   -472
  1256   -365
  1334   -270
  1334   -274
  1334   -274
  1124     24
  1124     24
   810    237
   478    292
   296    443
   296    593
   296    593
   272    687
   272    954
   -74   1252
  -478   1475
  -782   1639
  -782   5112
 -1868  12186
 -2268  17285
 -2860  19896
 -3544  22111
 -3840  23879
 -4436  25711
 -4878  29789
 -4878  32745
 -4878  32767
 -4878  32767
 -4436  32767
 -4436  32767
 -4292  32767
 -3870  32767
 -4292  32767
 -4644  32767
 -4292  32767
 -3870  32767
 -3626  32767
 -3156  32767
 -3148  32767
 -3148  32767
 -2454  32767
 -2454  32767
 -2454  32767
 -2048  32767
 -1750  32767
 -2048  32767
 -2454  32767
 -3178  32767
 -3410  32767
 -2932  31911
 -2626  30430
 -2626  29468
 -2380  28380
 -2266  26242
 -2438  23483
 -2438  21961
 -2438  21707
 -2266  21368
 -2438  19109
 -2858  16536
 -2858  15719
 -2858  14986
 -2438  14188
 -2438  13232
 -2438  12008
 -2438  10688
 -2438   9868
 -2060   9335
 -2060   8683
 -2060   8332
 -2060   8147
 -2060   7937
 -2808   7937
 -2544   7937
 -1600   7206
 -2910   7206
 -4322   7206
 -4322   7206
 -2910   7206
 -1434   7206
 -1434   7206
  -832   7206
 -1434   8117
 -2118   9648
 -1756  10228
  -832  12381
  -832  14322
  -728  14764
  -334  14935
  -334  15537
  -334  16274
  -248  16702
  -248  17684
  -248  19001
  -334  19635
  -248  19892
  -248  20118
  -128  20323
  -334  20612
  -458  20740
  -634  20936
  -634  20936
  -458  20936
  -458  21292
  -634  21580
  -784  21726
  -634  21580
  -634  21580
  -634  21580
  -302  21580
  -302  21580
  -782  21777
  -782  21777
  -782  21777
  -452  21777
  -444  21401
  -476  20871
 -1302  20527
  -476  20424
   302  20252
   572  20064
   582  20014
   582  19722
   660  19224
   660  17387
   876  15633
   876  14912
   876  14301
   876  13718
   876  12171
   876  10363
   876   9036
   876   7943
   876   5866
   890   2539
   660   -165
   890  -1882
  1342  -2911
  1342  -3677
  1690  -4314
  1758  -4579
  1852  -4666
  2230  -4897
  2230  -4897
  2230  -4897
  2230  -4897
  2606  -4897
  2136  -4897
  2136  -4897
  1718  -4797
  1718  -4797
  1718  -4401
  1718  -3999
  1718  -3349
  2114  -2902
  2114  -2592
  2114  -2236
  1868  -1935
  1612  -1634
  1434   -888
  1286     86
   994    465
   994    906
   616   1398
   470   1527
   616   1590
   470   1693
   470   1693
   470   1693
   538   1743
   538   1743
   538   1743
   872   1693
   538   1693
   538   1590
   532   1590
   532   1590
   532   1378
   532   1378
   616   1031
   616    681
   888    393
   616    153
   616     -2
   616    -47
   616   -130
   888   -230
   888   -336
   888   -336
   888   -336
   300   -336
   888   -336
  1642   -509
  1642   -509
  1224   -336
  1224   -336
  1292   -336
  1292   -230
  -234   -170
  -254    -47
  -224    -47
  -224     56
   254    127
  1750    194
  2238    279
  1200    279
   254    350
  -224    364
   234    516
   482    516
   482    516
   482    698
   482    698
   764    779
  1252    698
  1252    625
  1252    484
  1252    484
  1252    374
  1350    374
   914    374
  1350    332
  1148    256
  1148    145
  1148     36
  1148     91
  1148     91
  1148   -109
   914   -109
  1114   -109
  1250   -285
  1250   -285
  1250   -360
  1114   -461
   622   -461
  1114   -461
  1114   -461
  1114   -398
  1250   -504
  1250   -398
  1250   -261
  1250    -49
  1230    172
   946    305
   382    305
   382    429
   382    539
   798    771
   798   1033
   382   1168
   -14   1237
  -796   1493
 -1510   1799
 -1510   1865
 -2024   1865
 -2024   2251
 -2140   3307
 -2140   4828
 -2568   8258
 -2140  13343
 -2110  16251
 -2538  18961
 -2538  22360
 -3190  25098
 -3878  27033
 -4170  27732
 -4170  29392
 -4170  31724
 -4634  32767
 -4634  32767
 -4170  32767
 -3388  32767
 -3086  32767
 -3086  32767
 -3086  32767
 -3944  32767
 -4246  32767
 -4816  32767
 -4816  32767
 -4816  32767
 -4816  32767
 -4816  32767
 -5516  32767
 -5516  32767
 -5516  32767
 -4730  32767
 -4730  32767
 -4730  32357
 -3988  29996
 -3772  27433
 -3988  26558
 -4458  25956
 -4458  25551
 -3992  25032
 -3820  24467
 -3628  24251
 -3352  23684
 -3352  22488
 -3352  21420
 -3352  21018
 -3352  20941
 -2196  20606
  -822  20276
  -822  19148
  -470  17865
  -240  16581
  -470  15417
  -822  15370
 -1632  14318
 -1632  13232
 -1632  13033
 -1632  12707
 -1212  12296
 -1182  11726
 -1182  11240
 -1266  11030
 -1452  11030
 -1452  11030
 -1452  11030
 -1452  11030
 -1712  11030
 -1824  11030
 -1984  11030
 -1824  11030
 -1824  11240
 -1984  11436
 -1824  12234
 -1712  13059
 -1452  13557
 -1712  14168
 -1712  14867
 -1712  15904
 -1824  17110
 -2106  17955
 -2396  18266
 -2396  18604
 -2114  18791
 -2114  18997
 -1840  19361
 -1840  20102
 -2130  20807
 -2848  21129
 -2130  21384
 -2130  21477
 -2130  21583
 -2420  21600
 -3138  21677
 -3290  21831
 -3380  22006
 -3290  22072
 -3138  22178
 -2596  22178
 -2024  22178
 -2024  22178
 -2024  22178
 -2596  22270
 -2596  22242
 -1636  22242
 -2010  22167
 -2010  22167
 -2010  22242
 -2010  22242
 -2010  22101
 -2242  21817
 -2242  21754
 -2010  21629
 -1844  21286
 -1310  21282
 -1084  21220
 -1084  21135
 -1594  20935
 -1594  20365
 -1594  19818
 -1236  18454
  -604  17234
   454  15794
   454  14352
   454  13347
   546  12116
   546  11573
   656  10681
  1306   9540
  1366   7925
  1534   6411
  1180   5197
   656   2657
   656   -575
   232  -2775
   232  -3629
   656  -3679
  1180  -3706
  1428  -3706
  1428  -3706
  1614  -3706
  1614  -3706
  1804  -3706
  1428  -3706
  1164  -3706
  1164  -3671
  1428  -3644
  1804  -3644
  1804  -3557
  1428  -3352
  1960  -2564
  2436  -1543
  2436  -1132
  2436   -983
  2532   -594
  2532   -407
  2436   -287
  1960   -138
  1948    -12
  1796     17
  1298    117
  1046    311
  1046    479
  1046    591
   994    591
   994    591
   684    666
   684    666
   684    666
   684    666
   254    666
  -108    666
   254    591
   254    491
  -108    250
  -108    250
   254    -62
   254   -247
   654   -403
   654   -501
   654   -501
   422   -501
   422   -501
    60   -513
   584   -559
   962   -559
   962   -559
   584   -559
   584   -559
   584   -514
   584   -505
   584   -493
   584   -493
   584   -272
   584    -39
   584     -6
   754      9
   292      9
   292     60
   292    229
   168    354
   388    354
   352    229
   352    229
   352    229
   168    229
   352     60
   352     60
   352     60
   352     60
   508     60
   640    -48
   508   -133
   508   -275
   640   -275
   640   -275
   640   -435
   860   -496
  1394   -496
   860   -496
   860   -496
   870   -496
  1394   -472
  1394   -430
   870   -323
  1394   -323
   870   -323
   870   -323
   526   -136
   526    -10
   180     12
    50     12
   180     12
   526     12
   526    -10
   180    -49
    50    -10
   -40     12
  -222     74
  -726    409
  -726    409
 -1214    409
 -1732    409
 -2514    794
 -2894   1348
 -2894   3904
 -2964   9021
 -2980  13417
 -3366  15949
 -2980  18076
 -2980  21115
 -3448  24930
 -4024  26761
 -4024  27764
 -4024  30075
 -4290  31824
 -4290  32427
 -4290  32767
 -4290  32767
 -4290  32767
 -4290  32767
 -4452  32767
 -4598  32767
 -4322  32767
 -4024  32767
 -4024  32767
 -3466  32767
 -3498  32767
 -3796  32767
 -4042  32767
 -4042  32767
 -3354  32767
 -3076  32767
 -3076  32767
 -3354  32767
 -3354  32764
 -3354  32139
 -3354  31001
 -3354  30286
 -3354  29690
 -3354  27903
 -3076  26297
 -3076  24887
 -3076  23185
 -3076  22554
 -3354  22292
 -3354  22134
 -3712  20651
 -3712  18412
 -3970  17118
 -3970  16056
 -3970  15345
 -3970  15025
 -3970  14476
 -3970  13883
 -3220  13883
 -2292  13883
 -1954  13883
 -2084  13883
 -2084  13883
 -2084  13883
 -2084  13883
 -1954  13883
 -2084  14126
 -2084  14719
 -1954  14878
 -1534  15173
 -1534  15586
 -1534  15825
 -1534  16448
 -1534  17524
 -1636  18182
 -1636  18276
 -1644  18805
 -1644  20190
 -1618  21240
 -2058  21464
 -2096  21649
 -1954  21763
 -1954  22151
 -1954  22528
 -2160  22591
 -2574  22591
 -2226  22648
 -2058  22648
 -2226  22648
 -2574  22648
 -2226  22648
 -2226  22591
 -2226  22528
 -2574  22496
 -2574  22436
 -2574  22436
 -2574  22436
 -2226  22322
 -2226  22239
 -2226  21996
 -2378  21996
 -2468  22219
 -2468  21996
 -2276  21767
 -1992  21657
 -1850  21396
 -1850  21396
 -2134  21396
 -2134  21216
 -1464  20999
 -1958  20783
 -1464  20313
 -1464  19856
 -1464  19833
 -1342  19808
 -1342  19582
 -1342  19244
 -1582  18741
 -1318  18310
 -1078  18133
  -750  17111
  -482  15394
  -750  14249
 -1078  12951
 -1078  11224
 -1078   9571
 -1078   8535
 -1078   8333
  -750   7179
  -750   4978
  -194   3733
  -194   2957
   404   1947
   768     -5
  1236  -1844
  1236  -2288
   768  -3000
   768  -3584
   768  -3584
   770  -3584
  1236  -3584
  1236  -3584
  1926  -3584
  2576  -3584
  1926  -3584
  1462  -3584
  1462  -3584
  1462  -3496
  1364  -3114
  1364  -2654
  1462  -2484
  1462  -2303
  1462  -2024
  1542  -1829
  1542  -1699
  1364  -1560
  1442  -1463
  1442  -1374
  1442  -1170
  1542   -960
  1442   -560
  1358   -152
  1180     44
  1010    271
  1010    464
   682    740
   682    935
  1010    964
  1010    964
   784    994
   784    964
   784    964
  1010    964
   870    964
   714    964
   714    928
   714    928
   714    864
   870    770
   714    529
   714    308
   714    233
   714    169
   714     17
   996   -108
   996   -108
   996   -232
   786   -386
   786   -386
   786   -386
   786   -386
   690   -386
   690   -386
   520   -386
   690   -386
   690   -386
   570   -269
   482    -91
   482     48
   652    161
   482    169
   248    295
   482    295
   482    295
   482    452
   652    538
   652    639
   298    778
   998    778
   998    645
   298    592
   566    538
   298    538
   566    538
   566    538
   204    538
   294    529
   970    467
   970    416
   294    467
   970    416
   970    271
   970    416
  1072    467
   702    451
   702    406
   294    248
   294    182
   -14    182
   294    306
   702    306
  1072    306
  1504    182
  1072     62
   396     62
   396     62
   696    182
   696    302
   696    402
  1236    402
  1236    402
  2070    402
  1638    302
  2504    302
  2504    302
  1530    367
  1530    434
  2504    508
  2504    508
  1710    508
   768    519
   266    519
   -84    533
   -84    559
   -84    754
   -84    955
  -166    955
  -378   1045
  -708   1129
  -994   1331
 -1262   1527
 -1732   2974
 -1732   7877
 -2628  12877
 -3610  16443
 -4272  18691
 -4424  19271
 -5418  20461
 -6646  21534
 -7022  23998
 -7022  26832
 -7022  28617
 -6646  30350
 -5418  31707
 -4424  32544
 -4424  32675
 -4424  32767
 -4424  32767
 -4424  32767
 -4164  32767
 -3922  32767
 -3922  32767
 -3922  32767
 -3464  32767
 -2704  32767
 -1868  32767
 -1700  32767
 -1700  32767
 -1432  32767
 -1432  32767
 -1432  32767
 -1142  32767
  -662  32767
 -1382  32767
 -1700  32767
 -1700  31783
 -1700  30331
 -1922  28355
 -1922  26789
 -1922  25879
 -2758  24021
 -2758  21985
 -2758  20906
 -2808  20096
 -2808  19233
 -2808  18803
 -3168  18445
 -3168  17442
 -3578  16141
 -3578  16141
 -3578  16141
 -3578  16141
 -3838  16141
 -3578  16141
 -3578  16141
 -3578  16141
 -3740  16141
 -3578  16141
 -3578  16280
 -3578  17143
 -3740  17767
 -3564  18000
 -3154  18839
 -3154  19925
 -3154  20535
 -3494  21373
 -3494  21857
 -3426  21994
 -3202  22607
 -3202  23150
 -3202  23385
 -2876  23878
 -2614  24002
 -2332  24002
 -1974  24002
 -1974  24031
 -1974  24309
 -1974  24474
 -1974  24474
 -1974  24474
 -1710  24309
 -1974  24309
 -1974  24031
 -1710  23836
 -1710  23703
 -1460  23579
 -1230  23415
 -1230  23100
 -1460  22736
 -1460  22225
 -1460  21803
 -1710  21615
 -1990  21426
 -2196  21125
 -2260  21061
 -2196  20744
 -2196  20540
 -2260  20508
 -2342  20287
 -2342  20018
 -2730  20018
 -2342  19914
 -2730  19914
 -2730  19804
 -2730  19736
 -2730  19598
 -2730  19598
 -2342  19442
 -2342  19417
 -2342  19396
 -2260  19304
 -2112  18683
 -1666  17947
 -1266  17544
  -700  17130
  -114  16136
  -114  15367
  -114  14736
   306  13925
  1046  12737
  1046  10613
  1570   9284
  1570   8622
  1748   7384
  1748   5879
  1676   4799
  1676   4351
  1676   3144
  1676   1942
  1676   1555
  1530    -83
  1530  -1619
  1402  -2227
  1402  -2668
   854  -2668
   118  -2668
   786  -2668
  1312  -2668
  1172  -2668
   714  -2668
  1064  -2668
  1064  -2668
  1172  -2562
  1064  -2212
   678  -1900
  1064  -1638
  1064  -1376
  1138  -1031
  1138   -486
  1210   -407
  1298   -285
  1298   -191
  1298   -191
  1298   -171
  1298    -14
  1298    166
  1264    213
  1138    236
  1264    236
  1456    374
  1594    553
  1456    611
  1264    621
  1264    728
  1264    843
  1182    843
   708    843
   708    728
   708    728
   708    728
   708    728
   124    728
   124    728
   124    728
   406    621
   710    404
   690    155
   920    104
   638     21
   406   -103
   406   -103
   638   -110
   638   -110
   874   -110
   926   -190
  1258   -271
  1474   -271
  1474   -271
  1474   -469
  1234   -469
  1234   -271
  1430   -217
  1430   -217
  1234   -217
  1018   -137
   926   -137
   874    -21
   972     42
   972     49
   972     65
   724     65
   438     94
   438     94
   438    130
   254    210
  -204    210
  -682    130
  -764    210
  -764    210
  -764    210
  -764    105
  -764    105
  -592    133
  -114    133
  -600     81
  -114    133
   -60    133
   -60     81
   556    133
   556     74
  1308     74
  1860    -18
  2118    -91
  2118    -91
  2118   -111
  2118   -111
  2118    -79
  2118    -79
  2118    -40
  1896    -40
  1848      4
  1896     78
  1896     86
  1896    148
  1896    177
  1804    177
  1554    177
  1254    406
   986    409
   986    744
   362    744
  -734    980
 -1824   1104
 -1824   1104
 -2386   2427
 -2528   6555
 -2528  11425
 -2528  15142
 -2528  19572
 -2860  22789
 -2874  23483
 -3406  23822
 -3798  25749
 -4048  29549
 -4258  32142
 -4258  32767
 -4112  32767
 -3980  32767
 -3798  32767
 -3798  32767
 -3406  32767
 -2874  32767
 -2874  32767
 -2874  32767
 -3086  32767
 -2452  32767
 -3086  32767
 -3618  32767
 -3618  32767
 -3086  32767
 -3010  32767
 -2376  32767
 -2100  32767
 -2100  32767
 -1862  32767
 -1862  32767
 -2050  32767
 -2050  32767
 -2050  32767
  -978  32431
  -978  30410
 -1176  28133
 -2242  27453
 -2102  27158
 -1534  26713
 -2102  26144
 -2102  24948
 -2102  23503
 -1998  22390
 -1998  21771
 -2104  20560
 -2104  19414
 -2242  18934
 -2242  18196
 -2522  16547
 -2522  15116
 -2522  14952
 -2522  14455
 -2522  13930
 -2522  13419
 -2242  12766
 -2522  11992
 -2936  11301
 -3154  10840
 -3354  10370
 -3154  10032
 -3154   9173
 -2704   8544
 -3354   8544
 -3506   8544
 -3354   8544
 -3354   8544
 -2704   8544
 -2704   8544
 -2494   8544
 -1950   8544
 -1596   8544
 -1950  10000
 -2494  11678
 -2862  12031
 -2862  12545
 -2494  13452
 -2494  14069
 -2448  15170
 -2448  16242
 -2738  16687
 -2862  17352
 -2862  17917
 -2862  18611
 -2738  19251
 -2738  19470
 -2738  19586
 -2738  19646
 -2476  19755
 -2170  19755
 -2476  19755
 -2816  19755
 -2902  20101
 -2476  20449
 -2170  20560
 -2170  20560
 -2170  20560
 -2170  20560
 -2170  20560
 -1990  20560
 -1990  20648
 -1440  20629
  -202  20604
   282  19993
   282  19418
   282  19418
   172  19418
   172  19333
   172  19316
  -496  19316
  -496  19316
   172  19316
   172  19208
   466  19075
   466  18958
   172  18958
  -562  18958
   172  18888
   516  18808
   172  18639
   172  18524
   -80  18383
  -630  18199
  -630  17759
   104  16715
   104  15813
  -584  14787
  -584  11874
  -584   9650
   136   9047
   448   8140
   136   6523
   136   5230
   136   4444
   136   3490
   448   2585
   466   1188
   438    242
   438     27
   438    -15
   438   -323
   466   -639
   466   -639
   438   -712
   412   -712
   438   -796
   466   -796
   438   -796
   466   -796
   466   -864
   466   -864
   506   -796
  1112   -796
   506   -712
  1112   -544
  1112   -544
  1734   -228
  1926    102
  1926    249
  2098    249
  2098    280
  1926    340
  2098    340
  2284    343
  2284    343
  2098    490
  1926    490
  1926    688
  1926    688
  1926    688
  1734    688
  1734    688
  1952    457
  1952    457
  1952    457
  1714    457
  1886    276
  1800    167
  1516     73
  1516     69
  1566    -54
  1566   -168
  1434   -168
  1434   -168
  1566   -325
  1566   -469
  1408   -469
  1408   -469
  1356   -469
  1356   -600
   928   -469
   348   -325
   348   -168
   712   -168
   712   -168
  1268   -108
  1268   -105
   712   -105
   712     62
   218    182
   218    292
   218    390
   712    298
   580    298
   580    298
   580    337
   920    390
   920    390
   920    390
   920    480
  1132    605
  1132    670
  1000    700
   514    670
  -286    670
  -852    700
  -852    700
  -622    711
  -622    711
   -96    681
   -96    472
   -96    255
  -622    167
  -622    167
  -852    -69
  -622     90
  -852     90
  -852   -280
  -852   -290
  -852   -544
  -852   -715
  -662   -821
  -662   -821
  -406   -715
   242   -544
   902   -674
   902   -780
   902   -780
   902   -674
   902   -559
   902   -352
  1046   -352
  1046   -195
  1046   -138
  1046     47
  1284     47
  1284     47
  1284    269
  1284    360
  1046    360
   688    429
   298    525
   604    525
   298    525
    -2    551
  -334    741
  -692    854
  -692   1044
  -334   1226
  -692   1253
 -1052   1604
 -1246   2271
 -1248   5432
 -1248  11753
 -1248  16469
 -2194  18037
 -2194  19793
 -2782  21486
 -3284  23601
 -3284  25808
 -3626  27385
 -3964  29483
 -3964  30863
 -3626  31368
 -3284  32090
 -3242  32767
 -3242  32767
 -3584  32767
 -3584  32767
 -3372  32767
 -3136  32767
 -2858  32767
 -2630  32767
 -2858  32767
 -2858  32767
 -2858  32767
 -2858  32767
 -2858  32767
 -2858  32767
 -2948  32339
 -2858  31765
 -2592  31398
 -2260  30997
 -1792  28720
 -2260  26210
 -2260  24674
 -2260  22746
 -1792  21032
 -1792  20071
 -1742  18984
 -2098  16522
 -2260  14912
 -2392  14912
 -2098  14912
 -2098  14912
 -2098  14912
 -2392  14912
 -2342  14912
 -2342  14912
 -2342  14912
 -2756  14912
 -3252  15447
 -3252  15984
 -3252  16611
 -2756  17598
 -2756  18520
 -2756  19180
 -2764  19720
 -2764  20300
 -3252  20691
 -4220  21118
 -3252  21503
 -3252  22270
 -3252  23014
 -3592  23210
 -3592  23434
 -3714  23474
 -3714  23540
 -3592  23540
 -3592  23790
 -3592  23928
 -3678  23928
 -3678  23928
 -3914  23928
 -3914  23928
 -3678  23818
 -3104  23680
 -3040  23680
 -3040  23540
 -2392  23540
 -2332  23514
 -2464  23228
 -2332  22892
 -2332  22471
 -1638  22041
  -918  21827
  -264  21693
  -264  21446
  -918  21242
  -918  21155
  -918  21155
  -264  20894
  -918  20894
  -716  20471
  -716  20230
  -918  20193
 -1710  19883
 -2628  19461
 -2628  19283
 -2628  19217
 -1732  19159
 -1112  19016
 -1490  18463
 -1490  17951
 -1668  17827
 -1668  17698
 -1668  16394
 -1490  15066
 -1072  14055
  -694  11654
  -694  10049
 -1072   9320
 -1072   7404
 -1072   5437
 -1072   4265
  -146   3184
   756   1096
   756  -1619
  1290  -2881
  1290  -2881
  1290  -2881
  1924  -2881
  2306  -2881
  2326  -2881
  2326  -2881
  2326  -2881
  2326  -2881
  2536  -2881
  2326  -2829
  2326  -2446
  2326  -2110
  2326  -1489
  2326   -841
  2306   -715
  2306   -629
  2056   -543
  1790   -378
  2056   -245
  1790   -183
  1654    -94
  1426    -59
  1426      4
  1194    167
  1194    327
  1426    438
  1426    538
  1426    538
  1194    638
  1120    638
   908    638
   768    638
   768    638
   908    538
   908    481
   908    377
   908    377
  1120    323
   908     78
  1094      9
   908   -353
   336   -529
   336   -577
  1094   -577
   336   -577
   336   -577
   336   -643
  -394   -643
  -288   -643
  -288   -643
  -228   -577
   530   -537
  -228   -499
  -228   -247
   162   -247
   888   -247
   162   -111
  -228   -111
  -228    -58
  -228    -58
   162    -58
   162      9
    -4     33
    -4     33
    -4     91
  -256     91
  -256    177
    -4    238
   354    341
   354    238
   618    138
   618     51
  1186     51
  1186     22
  1186     51
   452    158
   452    158
   452    158
   452    158
   134     28
  -184    158
  -184     28
  -596    -34
  -876    -34
  -876    -34
  -876    -34
  -876    -73
  -876    -94
  -876    -94
  -876    -94
  -876    -73
 -1212    -34
 -1212     27
 -1212     -6
  -876    -73
  -710    -94
  -420    -94
   -22    -94
   -22    -47
   306     20
   306     20
   524     20
   698     20
   802     20
  1610     20
   802     62
   660    148
   660    189
   524    189
   524    189
   524    241
   524    241
  -174    434
 -1072    719
 -1072    857
 -1244   1064
 -1244   2311
 -1250   5626
 -1250   9919
 -1798  13623
 -1798  17447
 -2296  20866
 -2360  22122
 -2796  22723
 -3018  23633
 -3712  24995
 -4724  26111
 -4798  28206
 -4798  31448
 -4798  32767
 -4798  32767
 -4326  32767
 -3712  32767
 -3558  32767
 -4326  32767
 -4432  32767
 -4830  32767
 -4830  32767
 -4830  32767
 -4830  32767
 -4830  32767
 -4830  32767
 -4830  32767
 -4432  32767
 -4432  32767
 -4432  32767
 -4228  32767
 -4260  32767
 -3102  32767
 -3102  32767
 -1940  32206
 -1940  30175
 -3102  28697
 -4260  28606
 -3102  28306
 -2020  27778
 -1350  27423
 -1350  27238
 -1350  26618
 -1350  25116
 -2020  22986
 -2020  21287
 -2020  19607
 -2020  18458
 -2020  17427
 -2020  16135
 -2306  15548
 -2306  15044
 -2944  14602
 -2306  13932
 -2306  13175
 -2306  12456
 -2306  11918
 -1578  11610
 -1992  11190
 -2780  10784
 -2780  10474
 -2780  10339
 -2780   9578
 -2780   8092
 -2128   7356
 -2128   7024
 -2298   7024
 -2944   7024
 -2944   7024
 -2782   7024
 -2240   7024
 -1586   7024
 -1586   7024
 -2240   7024
 -2782   7024
 -2782   7937
 -2240   9270
 -2240  10765
 -1586  11668
 -1484  12197
 -1220  12758
 -1220  13951
 -1220  15056
  -836  16149
 -1220  17168
 -1220  17240
 -1220  17312
  -836  17414
  -558  17552
  -558  17740
  -836  17930
 -1220  18179
 -1220  18433
 -1220  18681
  -836  18893
 -1220  19260
 -1574  19604
 -1686  19731
 -1710  19804
 -1878  19869
 -2144  19883
 -2350  19883
 -2350  19883
 -2494  20073
 -2632  20272
 -2632  20297
 -2604  20297
 -2604  20272
 -2604  20272
 -2604  20272
 -2694  20272
 -2694  20272
 -2694  20272
 -2604  20073
 -2604  20068
 -2630  19841
 -2630  19841
 -2630  19841
 -2630  19841
 -2424  19390
 -2240  18937
 -1506  18937
  -910  18937
  -684  18721
  -608  18438
  -608  18205
  -608  18048
  -608  17920
  -570  17764
  -296  17307
   138  16597
   500  15659
   500  13212
   500  11033
   138  10413
   500   9605
   708   8646
  1028   7678
  1028   6251
  1402   4437
  1028   3225
  1396   2284
  1028   1223
  1028    145
   640   -568
   640   -758
   640   -758
   640   -998
   576  -1094
   576  -1176
   492  -1303
   492  -1303
   576  -1303
   676  -1303
   694  -1303
   852  -1303
   852  -1253
   630  -1176
   576  -1176
   576  -1094
   630   -944
   576   -741
   546   -607
   546   -389
   630   -184
   686   -184
   890   -186
   890     27
   890    218
   686    341
   890    351
   890    466
   924    583
   924    860
   928    860
   748    583
   728    583
   748    583
   944    401
   748