
[[  4.   4.   4.   3.   3.   3.   3.   4.   3.   2.   3.   3.   3.   2.
    2.   2.   1.   0.   0.   0.   0.   4.  10.   8.   0.   0.   0.   0.
    0.   0.   0.   0.   0.   0.   0.   0.  10.  10.   0.   0.   0.   8.
   10.   5.   2.   1.   2.   0.   0.   0.   0.   0.   0.   0.   0.   0.
    7.   8.   1.   0.   0.   1.   1.   1.   0.   0.   0.   0.   0.   0.
    0.  10.  10.   8.   0.   0.   0.   1.   1.   1.   1.   1.   1.   1.
    1.   1.   1.   1.   1.   1.   1.   1.   1.   1.   1.   1.   1.   2.
    2.   2.   2.   2.   2.   3.   3.   4.   4.   4.   4.   4.   4.   3.
    4.   3.   4.   4.   4.   4.   4.   4.];
 [  0.   0.   0.   0.   0.   5.  10.  10.   0.   0.   0.   0.   0.   0.
    0.   0.   0.   0.   0.   0.   0.  10.  10.   0.   0.   0.   0.   0.
    0.   0.   0.   0.   0.   0.   0.   4.  10.   7.   0.   0.   0.  10.
   10.   0.   0.   0.   0.   0.   0.   0.   0.   0.   0.   0.   0.   0.
   10.  10.   0.   0.   0.   0.   0.   0.   0.   0.   0.   0.   0.   0.
    0.  10.  10.   4.   0.   0.   0.   0.   0.   0.   0.   0.   0.   0.
    0.   0.   0.   0.   0.   0.   0.   0.   0.   0.   0.   0.   0.   0.
    0.   0.   0.   0.   0.   0.   0.   0.   0.   0.   0.   0.   0.   0.
    0.   0.   0.   0.   0.   0.   0.   0.];
 [  0.   0.   0.   0.   0.  10.  10.  10.   0.   0.   0.   0.   0.   0.
    0.   0.   0.   0.   0.   0.   5.  10.   4.   0.   0.   0.   0.   0.
    0.   0.   0.   0.   0.   0.   0.  10.  10.   3.   0.   0.   0.  10.
   10.   0.   0.   0.   0.   0.   0.   0.   0.   0.   0.   0.   0.   0.
   10.   2.   0.   0.   0.   0.   0.   0.   0.   0.   0.   0.   0.   0.
    2.  10.  10.   0.   0.   0.   0.   0.   0.   0.   0.   0.   0.   0.
    0.   0.   0.   0.   0.   0.   0.   0.   0.   0.   0.   0.   0.   0.
    0.   0.   0.   0.   0.   0.   0.   0.   0.   0.   0.   0.   0.   0.
    0.   0.   0.   0.   0.   0.   0.   0.];
 [  0.   0.   0.   0.   4.  10.  10.   5.   0.   0.   0.   0.   0.   0.
    0.   0.   0.   0.   0.   2.  10.   8.   0.   0.   0.   0.   0.   0.
    0.   0.   0.   0.   0.   0.   0.  10.  10.   0.   0.   0.   6.  10.
    6.   0.   0.   0.   0.   0.   0.   0.   0.   0.   0.   0.   0.   1.
   10.   0.   0.   0.   0.   0.   0.   0.   0.   0.   0.   0.   0.   0.
    0.  10.  10.   0.   0.   0.   0.   0.   0.   0.   0.   0.   0.   0.
    0.   0.   0.   0.   0.   0.   0.   0.   0.   0.   0.   0.   0.   0.
    0.   0.   0.   0.   0.   0.   0.   0.   0.   0.   0.   0.   0.   0.
    0.   0.   0.   0.   0.   0.   0.   0.];
 [  0.   0.   0.   5.  10.  10.   5.   0.   0.   0.   0.   0.   0.   0.
    0.   0.   0.   0.   1.  10.   8.   0.   0.   0.   0.   0.   0.   0.
    0.   0.   0.   0.   0.   0.  10.  10.   1.   0.   0.   3.  10.  10.
    0.   0.   0.   0.   0.   0.   0.   0.   0.   0.   0.   0.   0.   9.
    5.   0.   0.   0.   0.   0.   0.   0.   0.   0.   0.   0.   0.   0.
    0.  10.  10.   0.   0.   0.   0.   0.   0.   0.   0.   0.   0.   0.
    0.   0.   0.   0.   0.   0.   0.   0.   0.   0.   0.   0.   0.   0.
    0.   0.   0.   0.   0.   0.   0.   0.   0.   0.   0.   0.   0.   0.
    0.   0.   0.   0.   0.   0.   0.   0.];
 [  0.   0.   3.  10.   8.   2.   0.   0.   0.   0.   0.   0.   0.   0.
    0.   0.   0.   0.  10.  10.   0.   0.   0.   0.   0.   0.   0.   0.
    0.   0.   0.   0.   0.   5.  10.   9.   0.   0.   0.   9.  10.   0.
    0.   0.   0.   0.   0.   0.   0.   0.   0.   0.   0.   0.   0.  10.
    0.   0.   0.   0.   0.   0.   0.   0.   0.   0.   0.   0.   0.   0.
    0.  10.  10.   0.   0.   0.   0.   0.   0.   0.   0.   0.   0.   0.
    0.   0.   0.   0.   0.   0.   0.   0.   0.   0.   0.   0.   0.   0.
    0.   0.   0.   0.   0.   0.   0.   0.   0.   0.   0.   0.   0.   0.
    0.   0.   0.   0.   0.   0.   0.   0.];
 [  0.   0.   3.   5.   1.   0.   0.   0.   0.   0.   0.   0.   0.   0.
    0.   0.   0.   7.  10.   2.   0.   0.   0.   0.   0.   0.   0.   0.
    0.   0.   0.   0.   0.  10.  10.   0.   0.   0.   3.  10.  10.   0.
    0.   0.   0.   0.   0.   0.   0.   0.   0.   0.   0.   0.   0.  10.
    0.   0.   0.   0.   0.   0.   0.   0.   0.   0.   0.   0.   0.   0.
    0.  10.  10.   0.   0.   0.   0.   0.   0.   0.   0.   0.   0.   0.
    0.   0.   0.   0.   0.   0.   0.   0.   0.   0.   0.   0.   0.   0.
    0.   0.   0.   0.   0.   0.   0.   0.   0.   0.   0.   0.   0.   0.
    0.   0.   0.   0.   0.   0.   0.   0.]];