Init Queue
[INFO] Init Cam
26.5879631042 7.85899162292 5.79905509949
58.3550930023 6.55579566956 4.75883483887
46.9439029694 6.02698326111 25.3851413727
66.0450458527 6.04701042175 16.6988372803
74.1350650787 5.96189498901 14.5480632782
88.2649421692 6.1411857605 26.6768932343
76.3518810272 32.4399471283 6.44207000732
80.4090499878 6.72507286072 17.7640914917
55.4029941559 6.24895095825 5.10501861572
29.4229984283 6.20102882385 5.23209571838
30.2650928497 6.07013702393 5.24210929871
29.3080806732 6.07895851135 5.10406494141
28.813123703 6.187915802 5.21516799927
29.7811031342 5.93090057373 5.5079460144
29.3951034546 6.0830116272 9.98401641846
29.2232036591 6.01816177368 2.57682800293
28.4769535065 6.18410110474 2.25496292114
27.4910926819 6.01696968079 2.11000442505
27.9569625854 6.12592697144 1.89805030823
28.9030075073 5.94401359558 2.40612030029
25.8848667145 6.23106956482 2.07495689392
22.439956665 6.05201721191 2.11095809937
26.0109901428 6.12998008728 2.1800994873
25.0442028046 6.14190101624 2.39896774292
23.7839221954 6.15215301514 2.92992591858
24.3680477142 6.35385513306 3.09777259827
21.7339992523 6.05297088623 2.80499458313
23.3340263367 6.11901283264 2.6319026947
23.7538814545 6.02507591248 2.5680065155
19.3660259247 6.62612915039 2.36892700195
23.3390331268 6.12497329712 2.37798690796
19.3598270416 5.94806671143 2.49600410461
21.723985672 6.2301158905 2.41899490356
19.9069976807 6.07395172119 2.2280216217
20.0479030609 6.02388381958 2.15315818787
24.0938663483 6.11400604248 2.27403640747
20.2639102936 6.17218017578 2.39586830139
24.3411064148 6.17408752441 2.38490104675
23.0431556702 6.14500045776 2.25281715393
23.4179496765 6.19697570801 2.14004516602
23.0460166931 6.0670375824 2.26497650146
23.3719348907 6.24895095825 2.29501724243
22.6678848267 6.07705116272 2.36487388611
23.1590270996 6.24299049377 2.44402885437
22.81498909 6.9739818573 2.30479240417
22.5160121918 6.37698173523 2.45690345764
23.3728885651 6.18505477905 2.37417221069
19.5081233978 6.01387023926 2.49099731445
19.9370384216 6.11996650696 2.07781791687
20.9579467773 6.04820251465 1.90401077271
20.4510688782 5.91921806335 2.02512741089
20.3990936279 6.11305236816 4.98604774475
28.5370349884 6.21914863586 5.18298149109
24.6620178223 5.9769153595 5.54490089417
25.4828929901 6.04891777039 5.79619407654
25.0890254974 6.14309310913 5.54394721985
24.8692035675 6.15882873535 5.68079948425
27.3468494415 6.12902641296 5.38396835327
24.9710083008 6.01506233215 5.60903549194
25.2220630646 6.23917579651 5.45811653137
20.1969146729 6.04605674744 5.70511817932
25.0558853149 6.24203681946 5.12790679932
24.3740081787 6.09111785889 5.450963974
24.8141288757 6.12497329712 5.61690330505
25.3438949585 6.20698928833 5.51295280457
25.3918170929 6.14190101624 5.41305541992
25.2380371094 6.06489181519 5.50699234009
25.3820419312 6.10303878784 5.31005859375
24.5590209961 6.0830116272 5.51390647888
25.3639221191 6.48307800293 5.45310974121
25.3000259399 6.08801841736 5.34200668335
25.4328250885 5.99217414856 5.58495521545
25.2931118011 6.05797767639 5.62500953674
24.9719619751 6.19220733643 5.59902191162
25.6109237671 6.06894493103 5.24997711182
25.4349708557 6.00719451904 5.54513931274
25.4371166229 6.27112388611 5.22184371948
25.6309509277 6.07800483704 5.5251121521
25.6080627441 6.48903846741 5.54418563843
24.1987705231 6.96682929993 5.72085380554
26.0109901428 6.09588623047 2.5999546051
24.81508255 5.95307350159 2.69484519958
24.7709751129 5.93304634094 2.47001647949
24.0230560303 6.08086585999 2.03084945679
24.297952652 6.11281394958 2.15005874634
19.7710990906 6.40106201172 1.86514854431
20.2729701996 5.85198402405 2.20203399658
23.0469703674 6.03103637695 2.0740032196
22.3770141602 5.93495368958 2.11405754089
19.6769237518 6.13307952881 2.32410430908
19.2401409149 6.02912902832 2.43401527405
22.8500366211 6.03103637695 2.16197967529
20.8439826965 6.11996650696 1.95407867432
24.2750644684 6.04605674744 2.01797485352
24.1370201111 6.16908073425 2.32100486755
22.3729610443 5.99193572998 2.2599697113
26.1490345001 6.15096092224 2.27689743042
22.4859714508 6.21509552002 2.16102600098
27.5020599365 6.14213943481 1.98602676392
24.2989063263 6.1731338501 2.16293334961
24.9409675598 6.04295730591 2.18105316162
25.533914566 5.95998764038 2.33602523804
27.2409915924 6.28399848938 2.00605392456
26.6931056976 6.01005554199 2.0968914032
25.1500606537 5.99503517151 1.91497802734
24.6789455414 6.05797767639 1.96003913879
26.3938903809 6.13403320312 1.7728805542
25.8531570435 6.19602203369 1.76811218262
24.8951911926 6.00910186768 1.87087059021
25.6428718567 6.1399936676 1.6930103302
22.2129821777 6.02912902832 1.86991691589
22.0539569855 6.10208511353 1.85799598694
22.3650932312 6.16812705994 1.90877914429
21.4869976044 6.13188743591 2.0170211792
22.1490859985 6.03604316711 1.79600715637
23.5149860382 6.08706474304 4.69207763672
24.3799686432 6.11400604248 4.6181678772
26.7729759216 6.05893135071 4.81009483337
28.8209915161 6.09111785889 5.04398345947
28.9311408997 6.21700286865 5.22804260254
22.6850509644 5.9859752655 5.18703460693
29.452085495 11.2700462341 5.35798072815
69.7031021118 16.0748958588 5.03611564636
71.9962120056 6.2952041626 4.97603416443
40.3141975403 6.17384910583 5.11789321899
29.4990539551 6.17098808289 5.10501861572
28.0630588531 6.11901283264 5.15007972717
28.7849903107 6.21604919434 4.95004653931
27.9591083527 6.16192817688 5.01799583435
29.4480323792 6.07895851135 5.04994392395
28.3470153809 6.29186630249 5.20777702332
28.3908843994 6.25705718994 5.06997108459
28.697013855 6.19101524353 5.00321388245
29.2479991913 6.11090660095 5.02395629883
28.5501480103 6.0088634491 5.11693954468
27.902841568 6.05893135071 5.14698028564
28.6939144135 6.16693496704 5.19704818726
28.5360813141 6.21795654297 5.00798225403
28.5270214081 6.18386268616 5.20896911621
28.226852417 6.17814064026 5.19108772278
29.0670394897 6.10208511353 5.47504425049
29.8500061035 6.0031414032 5.58400154114
28.9340019226 5.97405433655 5.4919719696
29.0009975433 6.12497329712 5.44500350952
28.7339687347 6.12998008728 2.41994857788
27.941942215 6.10899925232 2.0489692688
27.8141498566 6.27589225769 1.9199848175
28.0849933624 6.08706474304 2.37798690796
24.8639583588 6.07895851135 2.0740032196
23.430109024 11.0740661621 2.19202041626
22.4101543427 6.26111030579 1.97982788086
24.9569416046 6.07204437256 2.14600563049
24.5819091797 6.24704360962 2.84695625305
24.7309207916 6.04796409607 3.2958984375
21.7990875244 6.04891777039 3.12995910645
23.2419967651 5.86199760437 2.9628276825
23.509979248 6.23202323914 2.48193740845
20.5750465393 5.99193572998 2.56514549255
23.2558250427 5.9859752655 2.55608558655
18.9700126648 6.19602203369 2.4139881134
21.4710235596 6.15406036377 2.46000289917
21.5280056 6.38389587402 2.4049282074
20.9269523621 5.94782829285 2.19297409058
24.078130722 6.14500045776 2.24900245667
20.231962204 6.20698928833 2.16317176819
22.9370594025 6.14285469055 2.48599052429
22.843837738 6.2210559845 2.34889984131
23.9219665527 6.27493858337 2.36988067627
23.1509208679 6.23393058777 2.31313705444
22.5219726562 6.26397132874 2.41303443909
22.3128795624 6.10303878784 2.37202644348
20.2398300171 6.65712356567 2.42614746094
23.5440731049 6.14404678345 2.34484672546
22.479057312 6.08992576599 2.32291221619
22.8190422058 6.27088546753 2.27999687195
20.6940174103 6.09612464905 2.29716300964
19.4470882416 5.99813461304 2.26092338562
20.584821701 6.16121292114 2.00390815735
20.2579498291 6.0920715332 2.01010704041
19.8600292206 6.15501403809 1.87516212463
19.1030502319 6.10685348511 5.00798225403
22.9980945587 6.10113143921 5.32293319702
25.8958339691 6.38699531555 5.44786453247
25.6218910217 6.14905357361 5.57899475098
25.0160694122 6.35099411011 5.44500350952
26.0879993439 6.30593299866 5.42712211609
24.9371528625 6.28805160522 5.50985336304
29.6700000763 6.15096092224 5.40900230408
25.4039764404 5.94401359558 5.46097755432
24.759054184 6.21700286865 5.33390045166
25.3350734711 6.08801841736 5.29599189758
25.0291824341 6.16598129272 5.22303581238
25.3419876099 6.19888305664 5.47909736633
25.5329608917 6.17504119873 5.28192520142
24.8770713806 5.94091415405 5.63192367554
25.4800319672 6.25514984131 5.31601905823
25.1080989838 6.09111785889 5.33604621887
25.4518985748 6.0601234436 5.53393363953
25.6209373474 6.29687309265 5.36394119263
26.1218547821 6.27589225769 5.55086135864
25.4819393158 6.21199607849 5.42187690735
25.9602069855 5.87296485901 5.57208061218
25.5830287933 6.13403320312 5.40399551392
25.5398750305 6.21819496155 5.22685050964
25.2318382263 6.13403320312 5.43212890625
25.6700515747 6.19411468506 5.32603263855
25.6440639496 6.2301158905 5.71298599243
25.5670547485 6.20913505554 5.28812408447
26.3419151306 5.94806671143 2.8440952301
21.8110084534 6.05511665344 2.5680065155
24.5819091797 5.92994689941 2.29215621948
23.9639282227 6.0920715332 2.06899642944
24.3818759918 6.12211227417 2.1448135376
19.4439888 6.22892379761 1.89399719238
20.1010704041 6.20102882385 2.0010471344
22.8412151337 6.18195533752 1.80411338806
22.8500366211 6.13117218018 2.25400924683
19.1340446472 5.99408149719 2.17509269714
20.0369358063 6.0830116272 2.22086906433
24.5590209961 6.22487068176 1.98101997375
21.2171077728 6.70909881592 2.16484069824
23.157119751 6.20412826538 2.11191177368
29.4559001923 6.19602203369 2.23302841187
22.115945816 6.06608390808 2.09403038025
25.5300998688 6.12902641296 2.21109390259
22.264957428 6.07705116272 1.92308425903
27.6970863342 7.56502151489 1.92880630493
23.1459140778 6.21914863586 1.9359588623
26.6370773315 6.07490539551 2.05492973328
28.1159877777 6.2849521637 2.08902359009
24.5208740234 6.08682632446 2.09617614746
27.4531841278 6.96897506714 1.9850730896
23.6549377441 6.55388832092 1.92880630493
26.9420146942 6.01696968079 2.02512741089
26.9777774811 6.25491142273 1.83010101318
24.5552062988 6.18600845337 1.85799598694
25.9850025177 6.07681274414 1.93095207214
24.7478485107 6.08897209167 1.79409980774
25.4921913147 6.1981678009 1.80006027222
23.8149166107 6.10089302063 1.73711776733
20.446062088 6.03008270264 1.98817253113
21.5709209442 6.30497932434 1.88302993774
21.5620994568 6.1948299408 1.61099433899
23.2598781586 6.19196891785 1.86204910278
23.0810642242 6.13403320312 4.51707839966
25.4001617432 6.20603561401 4.88305091858
28.9530754089 6.23297691345 4.88495826721
29.1111469269 6.21294975281 4.93216514587
28.3629894257 6.23893737793 4.97388839722
28.8219451904 6.06799125671 5.13696670532
29.2460918427 6.16097450256 5.22494316101
28.7640094757 6.24299049377 4.86898422241
29.3469429016 6.24299049377 4.8520565033
29.0870666504 6.2210559845 4.95910644531
28.510093689 6.13212585449 4.95004653931
28.2578468323 6.03413581848 5.21993637085
33.0309867859 6.3681602478 4.99200820923
29.0420055389 6.1469078064 5.0950050354
27.7750492096 6.07800483704 5.09190559387
29.1361808777 6.05988502502 5.20086288452
28.7170410156 6.30307197571 5.12981414795
29.6549797058 6.30593299866 5.29885292053
28.8870334625 6.37292861938 5.1109790802
28.76496315 6.33597373962 5.12194633484
29.3190479279 6.2460899353 5.11908531189
28.4290313721 6.18886947632 6.04581832886
28.8310050964 6.11710548401 5.40995597839
29.0651321411 6.14905357361 5.35988807678
28.7930965424 6.12115859985 5.27882575989
28.5470485687 6.19387626648 5.35678863525
29.0529727936 6.12187385559 5.41114807129
28.7959575653 6.10089302063 5.33509254456
29.0820598602 6.16693496704 2.43210792542
27.1229743958 6.108045578 2.1800994873
28.2049179077 6.37602806091 2.17986106873
27.3950099945 6.18004798889 1.93500518799
27.144908905 6.35600090027 2.33507156372
22.5670337677 6.17909431458 2.18296051025
21.959066391 6.0920715332 2.15792655945
25.2249240875 6.14786148071 2.25615501404
24.6121883392 6.11209869385 2.81000137329
23.1719017029 6.27899169922 3.07893753052
23.2698917389 5.98001480103 3.03792953491
24.3139266968 6.29281997681 2.59113311768
24.2409706116 6.2038898468 2.68507003784
19.9439525604 6.22487068176 2.50220298767
22.4750041962 5.97500801086 2.54797935486
19.1679000854 6.31594657898 2.51007080078
21.9080448151 6.13212585449 2.52604484558
19.3209648132 6.21914863586 2.40206718445
25.7019996643 6.21509552002 2.20394134521
23.3001708984 6.04510307312 2.33793258667
25.1560211182 6.20794296265 2.1550655365
20.702123642 6.04486465454 2.3729801178
22.8099822998 6.23893737793 2.57396697998
23.8060951233 6.0670375824 2.33817100525
22.9949951172 6.18004798889 2.37011909485
23.323059082 6.28113746643 2.43902206421
23.1552124023 6.09803199768 2.47406959534
22.3250389099 6.27708435059 2.46906280518
18.2349681854 6.08086585999 2.36916542053
22.7930545807 6.03795051575 2.10094451904
23.4088897705 6.00099563599 2.54893302917
22.9279994965 6.21199607849 2.2280216217
18.8739299774 6.23106956482 2.1288394928
19.2332267761 5.95903396606 1.99389457703
20.1871395111 6.21700286865 1.81198120117
20.1120376587 6.16788864136 1.85394287109
20.898103714 6.05988502502 5.04517555237
22.1679210663 6.04605674744 5.34796714783
25.1049995422 6.30116462708 5.32007217407
25.5410671234 6.10780715942 5.55109977722
25.120973587 6.01315498352 5.65195083618
26.4179706573 6.22510910034 5.450963974
25.6018638611 6.99710845947 5.50293922424
24.7089862823 6.2849521637 5.23686408997
25.5708694458 5.99098205566 5.49817085266
26.2281894684 6.2050819397 5.47504425049
24.8808860779 6.28399848938 5.16796112061
36.8480682373 6.19196891785 15.4840946198
45.2671051025 6.21008872986 21.8911170959
25.680065155 6.17504119873 5.32984733582
25.3448486328 6.10494613647 5.38611412048
25.1760482788 12.1560096741 5.27310371399
25.7420539856 6.22606277466 5.29098510742
24.9691009521 5.99002838135 5.56802749634
24.8141288757 6.24513626099 5.1531791687
25.093793869 6.0920715332 5.40399551392
26.3590812683 6.2370300293 5.36012649536
24.9929428101 6.08491897583 5.32603263855
25.1860618591 6.11019134521 5.41305541992
25.9120464325 6.11400604248 5.59997558594
25.0611305237 6.19292259216 5.24306297302
25.0818729401 6.53386116028 5.49793243408
25.5289077759 6.12306594849 5.53798675537
25.5680084229 6.40797615051 5.55992126465
25.9168148041 6.14595413208 5.62500953674
25.0420570374 6.06393814087 2.68793106079
22.2451686859 6.2301158905 2.40087509155
24.3759155273 6.21104240417 2.20894813538
24.0769386292 6.18195533752 2.04300880432
21.0108757019 6.22987747192 2.14195251465
20.763874054 6.24585151672 2.23588943481
23.0247974396 6.08706474304 2.22706794739
23.3759880066 6.23893737793 2.12287902832
21.2771892548 6.13784790039 2.2029876709
19.7050571442 6.21795654297 2.28786468506
23.6458778381 6.27613067627 2.121925354
23.8189697266 6.22487068176 2.39515304565
22.4599838257 6.22820854187 2.01988220215
24.2488384247 6.20698928833 2.14600563049
23.8280296326 6.2141418457 2.43806838989
24.9719619751 6.11686706543 2.4938583374
22.2342014313 6.2038898468 2.2189617157
26.4759063721 6.27112388611 2.2759437561
23.9009857178 6.11090660095 2.01416015625
25.6180763245 6.34288787842 2.13098526001
27.9591083527 6.18100166321 2.40302085876
27.2090435028 6.13403320312 2.42304801941
28.0158519745 6.50119781494 2.33793258667
21.1169719696 6.21509552002 1.98292732239
27.398109436 6.26015663147 2.14290618896
25.3558158875 6.15310668945 1.88803672791
26.5908241272 6.87909126282 2.11000442505
26.330947876 6.0601234436 2.19511985779
25.2690315247 6.27303123474 1.87301635742
25.0749588013 6.29305839539 1.95503234863
24.9359607697 6.22391700745 1.86109542847
22.8278636932 6.27303123474 1.94501876831
22.0630168915 6.25085830688 1.89614295959
21.8918323517 6.12306594849 2.05397605896
22.579908371 6.0830116272 1.72305107117
22.1920013428 5.95808029175 4.8840045929
24.2488384247 6.14094734192 4.49585914612
27.8980731964 6.1628818512 4.84895706177
28.8851261139 6.30116462708 4.98485565186
27.841091156 6.34813308716 4.86302375793
28.8228988647 6.29210472107 4.85301017761
28.7690162659 6.25705718994 5.05590438843
28.6471843719 6.03580474854 5.27119636536
29.3521881104 6.03294372559 5.16486167908
28.736114502 6.09683990479 5.31697273254
29.1619300842 6.20794296265 5.3391456604
28.9399623871 6.12807273865 5.23090362549
28.2580852509 6.18505477905 5.07593154907
26.7429351807 6.1628818512 5.20396232605
27.6889801025 6.13713264465 5.33390045166
28.6881923676 6.24394416809 5.29408454895
28.028011322 6.15096092224 5.37204742432
28.7499427795 6.20198249817 5.41400909424
28.6819934845 6.0920715332 5.38516044617
28.3420085907 5.95307350159 5.49292564392
33.7929725647 6.27112388611 5.21922111511
30.0619602203 6.1731338501 5.24210929871
29.2391777039 6.26492500305 5.16486167908
28.0520915985 6.17218017578 5.24997711182
28.7458896637 6.1309337616 5.34701347351
28.3110141754 6.23893737793 5.39398193359
28.3479690552 6.187915802 5.48005104065
29.0198326111 6.22606277466 5.50413131714
28.7311077118 6.2518119812 5.45787811279
27.909040451 6.2780380249 2.29001045227
28.8209915161 6.17718696594 2.39491462708
27.1291732788 6.26397132874 2.21705436707
26.5929698944 6.32309913635 2.63714790344
23.9319801331 6.11209869385 2.22396850586
22.2721099854 6.2530040741 2.357006073
24.2290496826 6.20102882385 2.10499763489
25.3179073334 6.24299049377 2.73895263672
24.6260166168 6.13498687744 3.2160282135
23.4849452972 6.36696815491 2.91514396667
22.5050449371 6.17504119873 3.005027771
24.7950553894 6.17814064026 2.72798538208
21.3191509247 6.50691986084 2.69818305969
22.7479934692 6.22010231018 2.50291824341
18.4090137482 6.0031414032 3.47208976746
21.2910175323 6.27899169922 2.52318382263
19.2670822144 6.2267780304 2.62808799744
21.1141109467 6.83784484863 2.43592262268
19.2108154297 7.05814361572 2.3398399353
19.2458629608 6.15501403809 2.27999687195
21.3329792023 6.26087188721 2.21300125122
23.97108078 6.23202323914 2.67004966736
22.9210853577 6.2141418457 2.3980140686
22.6030349731 6.36005401611 2.44402885437
22.7861404419 6.16788864136 2.44998931885
22.9141712189 6.39605522156 2.37607955933
27.9049873352 6.04295730591 2.46500968933
23.5860347748 6.2210559845 2.40588188171
22.9828357697 6.098985672 2.46095657349
24.4240760803 6.10113143921 2.70891189575
22.6030349731 6.21700286865 2.42590904236
19.8390483856 6.11686706543 2.23803520203
20.4811096191 6.24680519104 2.05278396606
20.2128887177 6.25896453857 2.08711624146
20.416021347 6.13784790039 1.94716453552
20.4949378967 6.21891021729 4.78911399841
21.5768814087 6.32500648499 5.61594963074
26.0760784149 6.27779960632 5.48887252808
25.2990722656 6.26802444458 5.56778907776
25.1498222351 6.4651966095 5.73992729187
25.9921550751 6.14094734192 5.64002990723
26.7169475555 6.22320175171 5.58400154114
25.5091190338 6.18410110474 5.25093078613
24.85704422 6.30593299866 5.48315048218
24.7449874878 6.43801689148 5.35893440247
25.0191688538 6.01291656494 5.695104599
25.0990390778 6.21795654297 5.40614128113
25.9058475494 6.1469078064 5.50985336304
25.0818729401 6.19792938232 5.22589683533
24.6088504791 6.19888305664 5.36799430847
24.7099399567 6.2370300293 5.32197952271
25.4299640656 6.0510635376 5.58090209961
24.8169898987 6.60300254822 6.13403320312
25.5701541901 6.13903999329 5.5410861969
25.2690315247 6.24895095825 5.41496276855
25.4669189453 6.4160823822 5.3768157959
25.6278514862 6.14500045776 5.58710098267
26.6330242157 6.29496574402 5.52415847778
26.3650417328 6.37698173523 5.34296035767
24.621963501 6.27398490906 5.49387931824
26.2970924377 6.27112388611 5.88607788086
25.8820056915 6.26397132874 6.18004798889
25.1748561859 5.95617294312 5.71584701538
25.484085083 7.21502304077 5.56898117065
25.3450870514 6.2530040741 2.54487991333
24.393081665 6.19792938232 2.40302085876
22.0949649811 6.23393058777 2.16102600098
23.5760211945 6.36005401611 2.07090377808
19.8030471802 6.15906715393 2.28905677795
21.1050510406 5.98287582397 2.14505195618
22.9911804199 6.23607635498 2.00390815735
23.2670307159 6.12616539001 2.21395492554
19.7620391846 6.25109672546 2.33006477356
19.5980072021 6.12998008728 2.56204605103
23.6659049988 5.99813461304 2.26902961731
22.1331119537 6.10494613647 2.13503837585
23.5161781311 6.10709190369 2.18605995178
23.1530666351 6.30187988281 2.4950504303
24.316072464 6.03294372559 2.48503684998
21.2450027466 6.25991821289 2.22587585449
21.3038921356 6.19602203369 2.1710395813
27.3530483246 6.23512268066 2.33602523804
22.910118103 6.05797767639 2.15196609497
26.2241363525 6.21390342712 2.06279754639
24.6531963348 6.30903244019 2.28500366211
25.4259109497 6.21008872986 2.16507911682
23.7958431244 6.27708435059 2.08497047424
24.1150856018 6.21795654297 2.06780433655
26.4029502869 6.10518455505 1.98316574097
27.3821353912 6.34789466858 1.84106826782
26.63397789 5.98812103271 1.88803672791
25.2552032471 6.12497329712 1.88493728638
25.9308815002 6.1559677124 1.96003913879
24.5099067688 6.24895095825 1.88207626343
21.9118595123 6.2198638916 2.14290618896
22.5031375885 6.08611106873 1.99794769287
22.5670337677 6.17504119873 2.11501121521
27.6198387146 6.17909431458 1.90186500549
21.5899944305 6.22010231018 1.88612937927
23.6299037933 6.11901283264 4.55904006958
25.8541107178 6.36696815491 4.61888313293
29.4029712677 6.31189346313 4.90498542786
29.2329788208 6.26587867737 4.86397743225
28.9838314056 6.27779960632 5.01394271851
28.4512042999 6.16884231567 5.1691532135
28.2061100006 6.04891777039 5.17892837524
29.0780067444 6.15978240967 5.20205497742
29.2248725891 6.14309310913 5.26905059814
29.1769504547 6.08801841736 5.13696670532
28.1529426575 6.26397132874 5.10907173157
27.8539657593 6.15000724792 5.27405738831
28.8360118866 6.01601600647 5.26404380798
29.8790931702 6.0920715332 5.51915168762
49.3991374969 6.03294372559 15.389919281
61.3310337067 15.1789188385 5.04183769226
28.028011322 6.19792938232 5.08499145508
28.7990570068 6.14809989929 5.24091720581
29.1728973389 6.2530040741 5.34081459045
28.3060073853 6.21199607849 5.20992279053
29.1101932526 6.2530040741 5.2809715271
30.2028656006 6.26683235168 5.37514686584
29.1819572449 6.72006607056 5.34200668335
28.2618999481 6.28089904785 5.33318519592
28.8660526276 6.24394416809 5.30385971069
28.5279750824 6.19411468506 5.53488731384
28.5289287567 6.4651966095 5.55300712585
34.4610214233 6.25801086426 5.38802146912
29.7341346741 6.24203681946 2.56586074829
27.7228355408 6.10399246216 2.38990783691
28.3980369568 6.33597373962 2.366065979
27.526140213 6.21891021729 2.16889381409
29.1850566864 6.41202926636 2.4528503418
24.9891281128 6.26707077026 2.26807594299
22.5250720978 6.34598731995 2.20489501953
23.4251022339 6.23989105225 2.17890739441
25.0849723816 6.27517700195 2.37894058228
24.7008800507 5.99980354309 3.19981575012
23.041009903 6.11209869385 3.01599502563
22.1228599548 5.97190856934 3.21483612061
20.2810764313 6.23202323914 2.56705284119
22.2890377045 6.23512268066 2.50005722046
22.8199958801 6.31904602051 2.38990783691
18.68891716 6.20818138123 2.57587432861
20.2059745789 6.11901283264 2.73108482361
19.1321372986 6.23917579651 2.53987312317
21.6190814972 6.11591339111 2.47120857239
19.6058750153 6.03890419006 2.46405601501
24.2938995361 6.31093978882 2.10881233215
21.0251808167 6.07705116272 2.60090827942
24.530172348 6.24799728394 2.56991386414
21.0978984833 6.16002082825 3.0689239502
24.1529941559 6.1628818512 2.53510475159
22.4640369415 6.0670375824 2.55107879639
22.9711532593 6.17098808289 2.5749206543
22.2778320312 6.11805915833 2.57396697998
21.5690135956 6.11019134521 2.5520324707
20.4038619995 6.13212585449 2.92301177979
23.2810974121 6.30807876587 2.45785713196
23.1080055237 6.17599487305 2.47383117676
20.8978652954 6.11019134521 2.29382514954
19.092798233 6.03008270264 2.44808197021
20.4429626465 6.16598129272 2.25687026978
20.5738544464 6.21294975281 1.91617012024
20.4150676727 11.0077857971 4.7709941864
21.1510658264 6.2370300293 5.16486167908
23.2670307159 6.04701042175 5.49101829529
25.918006897 6.1309337616 5.6049823761
25.2559185028 6.34002685547 5.38897514343
24.7478485107 6.30378723145 5.6619644165
26.6041755676 6.422996521 5.50603866577
25.022983551 6.09397888184 5.72609901428
25.3040790558 6.25705718994 5.41591644287
24.7230529785 6.14404678345 5.43999671936
25.0880718231 6.38580322266 5.32293319702
25.8500576019 6.25419616699 5.52082061768
25.3169536591 6.22200965881 5.57804107666
25.2180099487 6.0338973999 5.63097000122
24.6407985687 6.16192817688 5.43189048767
24.9571800232 6.11591339111 5.35607337952
24.2791175842 6.31093978882 5.37395477295
24.9381065369 6.1149597168 5.50413131714
25.7360935211 6.11400604248 5.53178787231
24.158000946 6.15191459656 5.61809539795
25.7189273834 6.83307647705 5.50007820129
25.3958702087 6.16478919983 5.3608417511
25.2981185913 6.18696212769 5.45907020569
25.3899097443 6.39700889587 5.41496276855
25.8121490479 6.04915618896 5.49602508545
24.6350765228 6.24990463257 5.42402267456
25.8438587189 6.11710548401 5.53107261658
25.7639884949 6.3099861145 5.55610656738
25.6049633026 6.23893737793 5.40614128113
25.3119468689 6.3111782074 5.42116165161
23.3571529388 6.25920295715 2.51293182373
24.3008136749 6.18600845337 2.17795372009
23.8540172577 6.31403923035 2.09498405457
24.4400501251 6.17790222168 1.99508666992
24.5578289032 6.2689781189 2.01916694641
20.1280117035 6.23297691345 2.08783149719
19.5789337158 6.12211227417 1.96504592896
22.2868919373 6.26397132874 2.15816497803
20.6570625305 6.13903999329 2.33697891235
19.189119339 6.12211227417 2.62188911438
23.0398178101 6.17599487305 2.34079360962
21.4171409607 6.04200363159 2.2280216217
21.9838619232 6.35099411011 2.08592414856
24.0008831024 6.19101524353 2.15482711792
25.4180431366 6.20102882385 2.39205360413
23.1370925903 6.13307952881 2.27308273315
26.0360240936 6.38890266418 2.15697288513
22.7718353271 6.13713264465 2.20704078674
26.9300937653 6.14905357361 1.9998550415
24.4171619415 6.35409355164 1.9679069519
25.5320072174 6.70385360718 2.28190422058
27.6000499725 6.23393058777 2.14195251465
25.0051021576 6.35290145874 2.25210189819
23.0300426483 6.47211074829 2.03490257263
26.1421203613 6.12616539001 2.04205513
25.4900455475 6.15191459656 2.00009346008
25.8028507233 6.29806518555 1.9428730011
23.8161087036 6.34694099426 1.953125
25.1410007477 6.23202323914 1.85894966125
24.955034256 6.24394416809 1.99198722839
21.3189125061 6.1731338501 1.88684463501
23.3941078186 6.3169002533 1.9519329071
23.707151413 6.21700286865 1.96599960327
22.8390693665 6.22391700745 1.85704231262
22.0530033112 6.08396530151 1.85108184814
23.8928794861 6.13307952881 4.59694862366
25.8929729462 6.2370300293 4.90999221802
26.848077774 6.29615783691 5.00893592834
28.470993042 6.01100921631 5.19800186157
28.5241603851 6.01005554199 5.21016120911
27.5630950928 10.8408927917 5.59997558594
29.1199684143 6.13498687744 5.06281852722
27.9800891876 6.17599487305 5.29789924622
29.0238857269 6.30784034729 4.88901138306
28.8319587708 6.3111782074 4.93097305298
29.125213623 6.3488483429 4.99320030212
28.2380580902 6.3488483429 4.99606132507
28.6149978638 6.26707077026 5.12385368347
29.3869972229 6.18696212769 5.18417358398
28.3970832825 6.29281997681 5.20992279053
28.9871692657 6.2198638916 5.17082214355
28.3699035645 6.15692138672 5.18894195557
28.3210277557 6.12902641296 5.24997711182
28.2549858093 6.08897209167 5.39398193359
29.2489528656 6.08611106873 5.27691841125
28.3110141754 6.25586509705 5.21397590637
27.960062027 6.28995895386 5.11598587036
28.2399654388 6.23798370361 5.12599945068
29.205083847 6.32905960083 5.13815879822
28.883934021 6.24585151672 5.39016723633
28.4249782562 6.10399246216 5.58090209961
29.9730300903 6.08086585999 5.68389892578
29.4818878174 6.00004196167 5.56898117065
29.0369987488 6.14905357361 2.65502929688
29.1919708252 6.02102279663 2.43997573853
27.3900032043 6.10685348511 2.25400924683
23.2040882111 6.15096092224 2.13408470154
27.6000499725 6.14905357361 2.24089622498
23.6599445343 6.69312477112 2.17390060425
22.1211910248 6.31213188171 2.36296653748
25.3710746765 6.10303878784 2.2120475769
24.7218608856 6.5131187439 2.53701210022
23.4739780426 6.49404525757 3.34215164185
22.2411155701 6.32786750793 3.20410728455
23.3597755432 6.12807273865 2.87199020386
22.9818820953 6.18410110474 2.71892547607
23.2141017914 6.23607635498 2.54797935486
19.2918777466 6.2198638916 2.54607200623
22.6190090179 6.04510307312 2.71892547607
19.2189216614 6.37793540955 2.34913825989
21.9509601593 6.16192817688 2.45499610901
19.4609165192 6.23798370361 2.27189064026
20.0099945068 6.19602203369 2.28786468506
23.4780311584 6.04891777039 2.33912467957
24.9271392822 6.23297691345 2.60496139526
19.7701454163 6.09111785889 2.44498252869
23.6539840698 6.01100921631 2.54487991333
22.4759578705 6.098985672 2.49409675598
23.7748622894 6.07705116272 2.57110595703
22.7339267731 6.01410865784 2.40993499756
21.7950344086 6.20985031128 2.57396697998
22.4890708923 6.11805915833 2.58302688599
22.2108364105 5.98406791687 2.4790763855
22.23777771 6.21294975281 2.42304801941
23.530960083 6.12306594849 2.49910354614
20.1139450073 6.23297691345 2.35795974731
20.3139781952 6.08396530151 2.26902961731
20.1499462128 6.16192817688 1.92904472351
20.5850601196 6.24895095825 1.90091133118
20.5230712891 5.99908828735 4.91404533386
22.7179527283 6.21485710144 5.25808334351
26.1180400848 6.0179233551 5.65981864929
26.3071060181 6.12306594849 5.63192367554
25.7980823517 6.04295730591 6.17289543152
25.7539749146 6.18410110474 5.36513328552
25.1579284668 6.31904602051 5.47289848328
25.2640247345 6.12807273865 6.51693344116
25.0239372253 6.48498535156 5.61285018921
25.4459381104 6.11209869385 5.32984733582
31.0208797455 6.34503364563 5.33986091614
25.4747867584 6.21390342712 5.56588172913
25.2459049225 5.99694252014 5.47504425049
25.4700183868 6.05010986328 5.57398796082
25.3801345825 6.20198249817 5.17892837524
24.9300003052 6.07585906982 5.47003746033
25.0978469849 6.25395774841 5.43117523193
23.7839221954 6.10280036926 5.53297996521
25.7568359375 6.09707832336 5.58876991272
55.3231239319 16.2680149078 5.45597076416
47.7609634399 6.26587867737 5.58996200562
25.9149074554 6.22391700745 5.43904304504
24.7600078583 6.08491897583 5.49292564392
25.9928703308 6.09302520752 5.38301467896
25.3789424896 6.08396530151 5.65886497498
24.5571136475 6.12092018127 5.23591041565
24.3549346924 6.11019134521 5.74803352356
20.359992981 5.90395927429 5.65409660339
24.6479511261 6.63208961487 5.42306900024
24.3299007416 6.108045578 2.60901451111
21.8691825867 5.96690177917 2.47120857239
22.8681564331 6.07800483704 2.26211547852
24.1689682007 6.00695610046 2.49910354614
19.8719501495 6.27017021179 2.0318031311
20.0510025024 6.11710548401 2.09188461304
23.4100818634 6.20698928833 2.01392173767
22.2570896149 6.17599487305 2.32291221619
19.7179317474 6.11710548401 2.43186950684
19.0041065216 6.1309337616 2.35104560852
23.1628417969 6.2689781189 2.12979316711
21.5940475464 6.098985672 2.31504440308
24.041891098 6.25395774841 2.23898887634
23.6418247223 6.34717941284 2.39086151123
23.5950946808 6.24203681946 2.31218338013
22.81498909 6.37698173523 2.18296051025
26.9379615784 5.99193572998 2.45404243469
23.2079029083 6.05607032776 2.31194496155
25.505065918 6.22487068176 2.03609466553
25.2118110657 6.28399848938 1.81698799133
27.7578830719 6.07585906982 2.2828578949
23.2400894165 5.97190856934 2.18987464905
26.4279842377 6.10995292664 2.22611427307
24.4560241699 6.32810592651 1.98411941528
25.7019996643 6.61993026733 1.90019607544
25.3920555115 6.41012191772 1.88684463501
25.918006897 6.22081756592 1.90687179565
24.523973465 6.0510635376 1.96695327759
25.7890224457 6.29496574402 1.90496444702
24.3499279022 6.16908073425 1.89995765686
21.3639736176 6.11209869385 1.97982788086
22.0510959625 6.13212585449 2.00581550598
22.0410823822 6.11305236816 2.01296806335
21.2171077728 6.07681274414 2.01106071472
21.968126297 6.21914863586 1.66416168213
23.766040802 6.30402565002 4.5018196106
25.132894516 6.18600845337 4.96196746826
29.1810035706 6.30402565002 5.42593002319
29.7768115997 6.29591941833 5.16295433044
28.0358791351 6.30402565002 5.0151348114
28.9170742035 6.2460899353 5.08689880371
28.4929275513 7.61699676514 5.09309768677
28.4209251404 6.14094734192 5.21492958069
32.5601100922 6.14809989929 4.93288040161
31.2540531158 6.21318817139 6.55102729797
32.4790477753 7.68399238586 4.79698181152
31.3131809235 6.22296333313 5.04589080811
30.4570198059 6.13689422607 5.12313842773
34.1708660126 6.23393058777 4.9991607666
28.1460285187 6.0338973999 5.08093833923
28.9349555969 12.6948356628 5.11622428894
28.7420749664 6.22510910034 5.12099266052
29.2057991028 6.27589225769 5.27501106262
28.1851291656 7.21502304077 5.05495071411
28.3041000366 6.12783432007 5.13100624084
28.2678604126 6.08801841736 5.31196594238
31.4879417419 6.1981678009 6.64186477661
33.0131053925 7.41291046143 5.59902191162
24.6150493622 7.55500793457 5.14101982117
31.9678783417 5.99813461304 6.97708129883
32.2709083557 7.71188735962 5.40685653687
32.5500965118 7.63702392578 5.11813163757
33.0419540405 14.5111083984 5.20801544189
32.1171283722 6.23416900635 4.33301925659
31.9991111755 6.28590583801 2.30407714844
28.0601978302 6.19196891785 2.19798088074
31.8439006805 6.07800483704 4.05883789062
32.4800014496 16.3249969482 2.33006477356
27.3261070251 6.25801086426 2.04396247864
24.8539447784 6.15692138672 2.14290618896
26.0188579559 6.54721260071 2.16007232666
24.8861312866 6.19387626648 2.30503082275
24.8181819916 6.23607635498 2.9559135437
