
3.58104705811 , 4.8680305481 , 6.30497932434
1.25503540039 , 3.85904312134 , 4.4469833374
1.49202346802 , 8.14700126648 , 4.43696975708
1.29103660583 , 5.88703155518 , 4.33206558228
2.52795219421 , 5.29909133911 , 4.99510765076
1.68609619141 , 7.76600837708 , 5.22184371948
0.720977783203 , 3.28993797302 , 3.01599502563
0.937223434448 , 1.95503234863 , 1.96313858032
1.2059211731 , 3.66497039795 , 2.51197814941
0.917911529541 , 4.69899177551 , 2.56395339966
0.916004180908 , 2.92205810547 , 2.40302085876
0.90503692627 , 1.88708305359 , 2.00891494751
0.81205368042 , 1.83200836182 , 1.92785263062
0.815153121948 , 1.80912017822 , 4.11009788513
0.80418586731 , 2.01988220215 , 1.97505950928
0.874042510986 , 1.80602073669 , 1.90305709839
1.06692314148 , 2.94995307922 , 2.88200378418
0.836849212646 , 3.74794006348 , 1.91593170166
0.849962234497 , 2.17509269714 , 1.90711021423
0.829935073853 , 1.90401077271 , 4.57000732422
0.804901123047 , 1.92499160767 , 1.9588470459
0.669002532959 , 1.96480751038 , 1.95693969727
0.885009765625 , 1.84106826782 , 1.97911262512
0.937223434448 , 1.98006629944 , 1.96504592896
0.705003738403 , 2.03084945679 , 4.21786308289
0.760078430176 , 1.81007385254 , 1.83606147766
0.887155532837 , 1.75809860229 , 1.86800956726
0.975131988525 , 1.8949508667 , 2.53295898438
0.764846801758 , 1.85513496399 , 2.11715698242
0.91290473938 , 2.74395942688 , 2.16007232666
0.768899917603 , 1.86514854431 , 1.93285942078
0.65803527832 , 1.71089172363 , 3.36289405823
0.729084014893 , 2.4950504303 , 2.31409072876
0.694036483765 , 1.68204307556 , 1.90210342407
0.720024108887 , 1.75309181213 , 1.75094604492
1.14011764526 , 2.59590148926 , 1.76787376404
1.02090835571 , 1.71613693237 , 1.73997879028
0.657796859741 , 1.69706344604 , 1.75595283508
0.794887542725 , 2.67100334167 , 2.17413902283
0.734090805054 , 1.76906585693 , 1.78098678589
1.02996826172 , 2.03800201416 , 1.86491012573
1.6348361969 , 2.09403038025 , 2.00915336609
0.838041305542 , 1.84798240662 , 2.02107429504
0.863075256348 , 1.74713134766 , 1.83701515198
0.861167907715 , 1.81698799133 , 1.82414054871
0.815868377686 , 1.73902511597 , 2.0580291748
0.81205368042 , 1.70278549194 , 1.90186500549
0.962972640991 , 4.70685958862 , 2.67100334167
0.823020935059 , 1.88302993774 , 1.93691253662
0.753879547119 , 3.70097160339 , 2.08306312561
1.32489204407 , 2.25615501404 , 1.96695327759
0.90217590332 , 1.93810462952 , 1.84607505798
0.767946243286 , 1.83796882629 , 1.93905830383
0.735998153687 , 3.05700302124 , 2.04396247864
0.704050064087 , 1.94501876831 , 2.31504440308
0.694990158081 , 1.85680389404 , 1.9359588623
0.708103179932 , 1.67202949524 , 1.97410583496
0.928163528442 , 2.43902206421 , 2.5269985199
0.814914703369 , 1.9359588623 , 1.96003913879
0.993013381958 , 1.78980827332 , 1.90591812134
0.963926315308 , 2.64406204224 , 2.09999084473
1.2469291687 , 3.05485725403 , 1.97196006775
0.732898712158 , 1.90496444702 , 1.88994407654
0.908851623535 , 1.94406509399 , 1.87492370605
0.941038131714 , 2.06899642944 , 1.93691253662
0.821113586426 , 1.79505348206 , 1.90806388855
0.951766967773 , 2.07209587097 , 3.12089920044
0.693798065186 , 1.9359588623 , 2.65502929688
0.694036483765 , 3.34692001343 , 2.01106071472
1.17707252502 , 2.11882591248 , 1.87492370605
0.774145126343 , 1.85608863831 , 1.82890892029
0.834941864014 , 1.77192687988 , 1.84297561646
1.40786170959 , 1.88493728638 , 1.84011459351
0.725984573364 , 3.2970905304 , 1.8310546875
0.769853591919 , 1.87182426453 , 1.78098678589
0.815868377686 , 2.03394889832 , 1.87993049622
0.79083442688 , 1.75285339355 , 1.79600715637
0.741004943848 , 2.05397605896 , 1.75786018372
0.723123550415 , 1.9679069519 , 2.8920173645
0.881910324097 , 1.7261505127 , 1.90496444702
0.719785690308 , 1.73497200012 , 1.86991691589
0.877857208252 , 1.73902511597 , 1.81102752686
0.740051269531 , 1.89685821533 , 1.82294845581
0.770092010498 , 2.70700454712 , 2.35390663147
0.708818435669 , 1.72209739685 , 3.00192832947
0.80418586731 , 2.05397605896 , 1.89399719238
0.988960266113 , 5.81002235413 , 5.43618202209
1.15895271301 , 3.42106819153 , 7.67517089844
0.810146331787 , 1.83081626892 , 1.78408622742
0.677108764648 , 1.92403793335 , 3.08990478516
0.775814056396 , 1.76382064819 , 1.7831325531
0.800848007202 , 1.75499916077 , 1.9359588623
0.860214233398 , 1.79886817932 , 2.81190872192
0.65803527832 , 1.72805786133 , 1.80411338806
0.897884368896 , 1.70493125916 , 1.78098678589
0.77486038208 , 1.71184539795 , 2.25400924683
0.759840011597 , 1.91593170166 , 1.84798240662
1.09481811523 , 2.10618972778 , 2.32005119324
0.795841217041 , 1.75285339355 , 1.79290771484
0.864028930664 , 1.72901153564 , 2.1390914917
1.07407569885 , 2.97093391418 , 2.2120475769
0.643014907837 , 1.71494483948 , 1.87587738037
0.839948654175 , 1.7409324646 , 1.83200836182
0.980854034424 , 2.71391868591 , 1.94120407104
0.827074050903 , 1.98292732239 , 2.08210945129
0.730037689209 , 1.68609619141 , 1.78909301758
0.94199180603 , 1.72114372253 , 1.92713737488
0.838041305542 , 3.00908088684 , 2.02107429504
1.09195709229 , 2.08878517151 , 1.82390213013
0.927925109863 , 1.75094604492 , 2.00700759888
0.756025314331 , 1.72901153564 , 1.79290771484
0.817060470581 , 2.72917747498 , 2.64000892639
1.86109542847 , 3.910779953 , 2.19321250916
0.836849212646 , 1.71303749084 , 1.78480148315
1.06596946716 , 1.73401832581 , 1.97696685791
0.942945480347 , 2.59900093079 , 1.94501876831
0.736951828003 , 2.59685516357 , 2.05302238464
0.684022903442 , 2.81691551208 , 1.90305709839
0.978946685791 , 2.85816192627 , 1.84297561646
0.858068466187 , 1.79505348206 , 1.88899040222
0.864028930664 , 1.99484825134 , 2.03013420105
0.764846801758 , 1.76000595093 , 1.95217132568
0.775098800659 , 1.83701515198 , 1.88803672791
1.30200386047 , 2.10213661194 , 1.9428730011
0.749826431274 , 1.89018249512 , 2.15005874634
0.788927078247 , 1.78289413452 , 1.86491012573
0.655174255371 , 1.8138885498 , 1.94406509399
0.969886779785 , 1.86204910278 , 2.09999084473
0.898122787476 , 2.0010471344 , 2.01511383057
0.75101852417 , 1.81007385254 , 2.08115577698
0.648021697998 , 1.82104110718 , 1.90711021423
0.817060470581 , 1.83701515198 , 1.97291374207
1.03497505188 , 2.95209884644 , 1.96886062622
0.594139099121 , 1.68204307556 , 1.72591209412
0.89693069458 , 1.69801712036 , 3.37100028992
0.799894332886 , 1.89208984375 , 1.94883346558
0.730991363525 , 1.71899795532 , 1.87706947327
0.669002532959 , 1.65700912476 , 2.51913070679
0.798940658569 , 1.68108940125 , 1.78408622742
0.845909118652 , 1.67298316956 , 2.07185745239
0.762939453125 , 1.73306465149 , 1.7421245575
0.832080841064 , 1.67489051819 , 1.72185897827
0.918865203857 , 2.76207923889 , 1.76596641541
0.880002975464 , 1.68204307556 , 1.87706947327
0.848054885864 , 1.69587135315 , 1.77383422852
0.789880752563 , 1.68585777283 , 1.73497200012
0.676870346069 , 1.69205665588 , 1.76787376404
1.05977058411 , 3.97205352783 , 2.00700759888
0.777959823608 , 1.79386138916 , 1.7728805542
1.05786323547 , 1.92189216614 , 1.76095962524
0.751972198486 , 1.68395042419 , 2.57301330566
0.693082809448 , 1.68108940125 , 1.84798240662
0.749111175537 , 1.84893608093 , 2.72512435913
0.684976577759 , 1.68514251709 , 2.032995224
1.00994110107 , 1.72805786133 , 1.8470287323
0.730991363525 , 1.69396400452 , 2.09307670593
0.753164291382 , 1.69014930725 , 1.82700157166
0.756025314331 , 1.70707702637 , 1.7569065094
0.705003738403 , 1.66296958923 , 1.82294845581
0.978946685791 , 1.72591209412 , 1.81913375854
1.04999542236 , 1.97887420654 , 3.69691848755
0.702142715454 , 1.70803070068 , 1.75499916077
0.827074050903 , 1.72996520996 , 1.76286697388
0.720024108887 , 1.69110298157 , 2.02703475952
1.10697746277 , 2.121925354 , 1.92999839783
0.698089599609 , 3.02004814148 , 1.82008743286
0.828981399536 , 2.18892097473 , 1.83582305908
0.678062438965 , 1.68895721436 , 1.80315971375
0.717878341675 , 1.68490409851 , 1.82390213013
0.75101852417 , 2.13003158569 , 2.18081474304
0.905990600586 , 1.73902511597 , 1.84416770935
1.3120174408 , 2.02202796936 , 2.12597846985
0.725984573364 , 1.67894363403 , 1.74880027771
0.755071640015 , 2.82883644104 , 1.8949508667
0.692129135132 , 1.81913375854 , 2.80714035034
0.700950622559 , 1.77311897278 , 1.79505348206
2.41017341614 , 2.25901603699 , 2.17390060425
0.736951828003 , 1.67202949524 , 1.69992446899
0.744104385376 , 1.70111656189 , 1.99317932129
0.701904296875 , 2.02012062073 , 2.84099578857
0.725984573364 , 1.74713134766 , 1.75905227661
0.870943069458 , 2.56109237671 , 1.77502632141
0.720977783203 , 1.7101764679 , 2.8088092804
0.878095626831 , 1.90901756287 , 1.82294845581
1.09887123108 , 2.55489349365 , 1.83200836182
0.771999359131 , 1.74903869629 , 1.90901756287
0.756025314331 , 2.99906730652 , 1.79719924927
0.856876373291 , 2.53701210022 , 2.28595733643
0.824928283691 , 1.94787979126 , 1.81198120117
0.895023345947 , 2.87795066833 , 1.90401077271
0.793933868408 , 1.77907943726 , 1.74903869629
0.789165496826 , 1.70016288757 , 1.708984375
0.756025314331 , 2.59709358215 , 2.35199928284
0.685930252075 , 1.69205665588 , 1.73902511597
0.96583366394 , 2.98094749451 , 1.84488296509
0.683069229126 , 1.7569065094 , 2.50792503357
0.818014144897 , 1.77884101868 , 1.85894966125
0.770092010498 , 2.52413749695 , 2.27618217468
0.725984573364 , 1.65510177612 , 1.75809860229
0.717878341675 , 1.87087059021 , 3.14092636108
0.705003738403 , 2.40397453308 , 2.54702568054
0.675916671753 , 1.72090530396 , 1.80888175964
1.61790847778 , 1.94096565247 , 1.69706344604
0.78010559082 , 1.72591209412 , 2.29907035828
0.75101852417 , 1.71494483948 , 2.14886665344
0.698089599609 , 2.87699699402 , 2.41088867188
0.710010528564 , 1.69587135315 , 1.75094604492
0.747919082642 , 3.11994552612 , 1.89304351807
0.712156295776 , 1.7261505127 , 3.10111045837
0.701904296875 , 1.76596641541 , 1.78384780884
0.779867172241 , 2.83002853394 , 6.06107711792
0.724077224731 , 1.69897079468 , 1.80816650391
0.756025314331 , 1.74593925476 , 1.75786018372
0.756025314331 , 2.02202796936 , 2.84695625305
0.764846801758 , 1.71613693237 , 1.7831325531
0.959873199463 , 1.84202194214 , 1.71995162964
0.724077224731 , 1.70397758484 , 1.76811218262
0.871896743774 , 3.21912765503 , 1.76095962524
0.79083442688 , 1.87611579895 , 1.73187255859
0.829935073853 , 1.71303749084 , 1.74808502197
0.663042068481 , 1.94001197815 , 1.78098678589
0.908136367798 , 2.67505645752 , 2.29787826538
0.741958618164 , 1.76095962524 , 1.81293487549
0.68998336792 , 2.00200080872 , 1.90901756287
0.777959823608 , 1.87492370605 , 1.92213058472
0.741004943848 , 2.00080871582 , 2.02202796936
0.808954238892 , 2.60210037231 , 1.96409225464
0.770092010498 , 1.91187858582 , 3.05199623108
0.823974609375 , 1.83391571045 , 1.97601318359
0.730037689209 , 2.00700759888 , 2.15482711792
0.814914703369 , 1.9199848175 , 1.9109249115
0.974893569946 , 2.06899642944 , 1.94001197815
0.806093215942 , 3.02219390869 , 3.43799591064
0.837087631226 , 2.0899772644 , 1.91807746887
0.68211555481 , 1.95693969727 , 1.89280509949
0.813007354736 , 3.19600105286 , 2.02989578247
0.703096389771 , 1.84917449951 , 1.95407867432
1.05595588684 , 3.39794158936 , 1.91903114319
1.45888328552 , 1.96290016174 , 1.75905227661
0.797986984253 , 1.82795524597 , 3.45516204834
0.68998336792 , 1.90901756287 , 1.92403793335
0.853061676025 , 1.78599357605 , 1.92499160767
0.867128372192 , 1.75619125366 , 1.81007385254
0.709056854248 , 1.83010101318 , 1.95097923279
0.729084014893 , 1.88612937927 , 3.5240650177
0.814914703369 , 1.90305709839 , 1.92999839783
0.81992149353 , 1.82390213013 , 1.92999839783
1.051902771 , 2.81405448914 , 3.48305702209
0.809192657471 , 1.87921524048 , 1.88016891479
0.749111175537 , 2.032995224 , 3.41987609863
0.782012939453 , 3.08108329773 , 1.91712379456
0.714063644409 , 1.69777870178 , 1.80697441101
0.927925109863 , 2.86602973938 , 1.788854599
0.781059265137 , 2.05397605896 , 2.96688079834
0.740051269531 , 1.71780586243 , 1.89399719238
0.931978225708 , 3.07893753052 , 1.7728805542
0.718832015991 , 1.68395042419 , 1.75189971924
0.800132751465 , 3.0529499054 , 1.85704231262
0.991821289062 , 2.76303291321 , 1.91688537598
0.900030136108 , 2.01511383057 , 1.92093849182
0.717878341675 , 1.68704986572 , 1.75499916077
0.639200210571 , 2.72703170776 , 2.39396095276
0.932931900024 , 3.14903259277 , 1.76501274109
0.716924667358 , 1.71804428101 , 1.76882743835
0.699043273926 , 1.67512893677 , 1.80411338806
0.694036483765 , 1.70588493347 , 1.80101394653
0.787019729614 , 2.16102600098 , 1.76000595093
0.836133956909 , 1.71399116516 , 3.54194641113
0.761032104492 , 1.73783302307 , 1.90997123718
0.761985778809 , 1.7569065094 , 2.15792655945
0.756978988647 , 1.79100036621 , 1.80697441101
0.750064849854 , 1.72090530396 , 1.79290771484
0.769853591919 , 1.72114372253 , 2.09403038025
0.810861587524 , 1.73711776733 , 1.82414054871
0.874996185303 , 1.8150806427 , 1.82914733887
0.771999359131 , 1.89709663391 , 2.81405448914
0.723123550415 , 1.75714492798 , 1.78003311157
0.813961029053 , 1.71995162964 , 2.02488899231
0.776052474976 , 3.19814682007 , 2.49981880188
0.859975814819 , 1.76095962524 , 1.80912017822
0.957012176514 , 1.71208381653 , 1.76620483398
0.805139541626 , 1.91187858582 , 2.77209281921
0.868082046509 , 1.81603431702 , 2.05016136169
0.80680847168 , 1.89399719238 , 2.00009346008
0.691175460815 , 1.75309181213 , 1.85704231262
1.06191635132 , 2.81405448914 , 1.80315971375
1.04188919067 , 2.16293334961 , 1.89900398254
0.842094421387 , 1.8470287323 , 3.3221244812
0.703096389771 , 1.73783302307 , 1.8618106842
0.715970993042 , 1.75714492798 , 1.85298919678
0.775814056396 , 1.71303749084 , 2.09498405457
0.87308883667 , 1.79004669189 , 1.77001953125
0.921010971069 , 1.73997879028 , 2.09808349609
0.691890716553 , 1.75786018372 , 1.81007385254
0.997066497803 , 1.75309181213 , 1.98912620544
0.838041305542 , 1.90997123718 , 2.24208831787
0.723123550415 , 1.83701515198 , 1.78909301758
0.843048095703 , 1.70302391052 , 1.73592567444
0.835180282593 , 1.73115730286 , 1.77097320557
0.645875930786 , 1.75809860229 , 1.75905227661
0.937938690186 , 2.52199172974 , 3.24606895447
0.897884368896 , 1.73211097717 , 1.74808502197
0.977039337158 , 1.73807144165 , 1.78503990173
0.745058059692 , 1.67608261108 , 2.3250579834
0.886917114258 , 1.70516967773 , 1.80387496948
1.08003616333 , 2.60591506958 , 1.75404548645
0.725984573364 , 1.72996520996 , 1.81889533997
0.911951065063 , 1.72781944275 , 1.788854599
0.933885574341 , 2.277135849 , 2.8018951416
0.763177871704 , 1.72805786133 , 2.05206871033
0.668048858643 , 1.69801712036 , 3.36813926697
0.786066055298 , 2.49719619751 , 2.23302841187
0.74315071106 , 1.80506706238 , 1.79195404053
1.05285644531 , 2.96497344971 , 2.13813781738
0.730991363525 , 1.68704986572 , 1.79100036621
0.797033309937 , 2.08902359009 , 2.78401374817
0.78296661377 , 2.98595428467 , 2.03514099121
0.806093215942 , 1.76286697388 , 1.81293487549
0.884056091309 , 1.70016288757 , 1.74903869629
0.876903533936 , 1.98912620544 , 2.40898132324
0.853061676025 , 1.73115730286 , 1.98101997375
0.783205032349 , 1.94501876831 , 1.73783302307
0.808000564575 , 1.78718566895 , 1.76000595093
0.922918319702 , 1.92093849182 , 2.62498855591
0.936985015869 , 2.28214263916 , 1.90401077271
0.608921051025 , 1.74307823181 , 1.76119804382
0.847101211548 , 1.96886062622 , 1.72305107117
0.738143920898 , 1.74713134766 , 1.76596641541
0.78010559082 , 1.73687934875 , 3.40795516968
0.689029693604 , 1.95002555847 , 1.75905227661
0.766038894653 , 1.72686576843 , 1.80983543396
0.853061676025 , 1.69587135315 , 1.82795524597
1.09601020813 , 2.4631023407 , 1.88183784485
0.963926315308 , 2.14004516602 , 3.01098823547
1.08599662781 , 1.70612335205 , 1.85012817383
0.725030899048 , 1.68609619141 , 1.877784729
0.962018966675 , 3.45420837402 , 1.75309181213
1.57999992371 , 2.11620330811 , 1.76095962524
0.859022140503 , 1.70278549194 , 2.00510025024
0.815153121948 , 1.69491767883 , 1.89113616943
0.670909881592 , 1.88398361206 , 1.88899040222
1.95813179016 , 1.82294845581 , 1.75595283508
1.09815597534 , 2.02894210815 , 1.72901153564
0.900030136108 , 1.76692008972 , 1.75499916077
0.923156738281 , 1.69801712036 , 2.02584266663
1.40404701233 , 1.92999839783 , 1.82104110718
0.922918319702 , 2.52413749695 , 1.75499916077
0.843048095703 , 1.79696083069 , 1.75309181213
0.756025314331 , 1.74784660339 , 1.73091888428
0.926971435547 , 1.72805786133 , 1.75619125366
1.32513046265 , 1.91211700439 , 1.71709060669
0.770092010498 , 1.96099281311 , 2.54392623901
0.748872756958 , 1.72400474548 , 1.77407264709
0.811100006104 , 1.7261505127 , 1.83892250061
0.733852386475 , 1.78694725037 , 1.74999237061
0.859975814819 , 1.72305107117 , 1.7421245575
0.852108001709 , 1.71804428101 , 2.05898284912
0.66614151001 , 1.69491767883 , 1.89614295959
0.824928283691 , 1.90687179565 , 1.90782546997
0.73504447937 , 1.7831325531 , 1.79696083069
2.05993652344 , 2.03800201416 , 1.77001953125
0.98180770874 , 1.85990333557 , 1.80101394653
0.692129135132 , 1.73020362854 , 1.88994407654
0.84114074707 , 1.88803672791 , 1.7831325531
0.933170318604 , 4.26197052002 , 2.29406356812
0.956058502197 , 1.82294845581 , 1.75189971924
0.741004943848 , 1.71995162964 , 2.00414657593
0.694036483765 , 2.28190422058 , 2.37011909485
0.802040100098 , 1.6770362854 , 1.75595283508
0.767946243286 , 2.83980369568 , 1.87110900879
0.720977783203 , 1.6770362854 , 2.52389907837
0.679016113281 , 1.71589851379 , 1.8150806427
0.856876373291 , 2.23588943481 , 2.12597846985
0.833034515381 , 1.70278549194 , 1.74593925476
0.772953033447 , 1.68704986572 , 1.77597999573
0.761032104492 , 1.8949508667 , 2.65789031982
0.68998336792 , 1.74903869629 , 1.76811218262
0.845909118652 , 2.4299621582 , 1.8310546875
0.748157501221 , 1.90901756287 , 2.32410430908
0.862121582031 , 1.74903869629 , 1.83701515198
0.935077667236 , 2.59304046631 , 2.14409828186
0.684022903442 , 1.68609619141 , 1.69920921326
0.72193145752 , 1.86014175415 , 3.49712371826
0.850915908813 , 2.70485877991 , 2.22992897034
0.718116760254 , 1.71589851379 , 1.78503990173
0.729084014893 , 2.73299217224 , 1.91593170166
0.843048095703 , 1.83796882629 , 2.09212303162
0.810146331787 , 1.80196762085 , 1.94001197815
0.685930252075 , 3.07893753052 , 2.01296806335
0.733852386475 , 1.86896324158 , 1.93309783936
0.89693069458 , 1.80101394653 , 2.1870136261
1.27291679382 , 2.17890739441 , 2.06708908081
0.698804855347 , 1.98602676392 , 2.65908241272
0.761985778809 , 1.85990333557 , 1.9998550415
0.709056854248 , 1.9109249115 , 2.28190422058
0.85186958313 , 1.75285339355 , 1.87993049622
0.814914703369 , 1.94311141968 , 1.72805786133
0.748872756958 , 1.87611579895 , 2.61306762695
0.750064849854 , 1.68108940125 , 1.86610221863
0.741004943848 , 1.74880027771 , 1.86705589294
1.03306770325 , 2.98404693604 , 1.76620483398
1.17206573486 , 1.72185897827 , 1.70707702637
0.764846801758 , 1.69491767883 , 1.98101997375
0.779151916504 , 1.68800354004 , 1.87683105469
0.730991363525 , 1.76000595093 , 1.73211097717
0.751972198486 , 3.03411483765 , 1.90305709839
1.36303901672 , 2.14004516602 , 1.79815292358
0.732183456421 , 1.86014175415 , 1.85608863831
0.800132751465 , 3.10897827148 , 2.46715545654
0.75888633728 , 1.68299674988 , 1.73902511597
0.844955444336 , 3.19194793701 , 1.76501274109
0.724077224731 , 2.11215019226 , 3.10587882996
0.71382522583 , 1.72805786133 , 1.88302993774
0.759840011597 , 2.59494781494 , 2.12001800537
0.731945037842 , 1.71089172363 , 1.74403190613
0.730991363525 , 1.71685218811 , 3.45301628113
0.712871551514 , 1.708984375 , 3.04198265076
0.702142715454 , 1.67393684387 , 1.87301635742
0.669002532959 , 1.76787376404 , 1.73783302307
0.846862792969 , 1.72019004822 , 3.37100028992
0.788927078247 , 1.70612335205 , 1.85203552246
1.13582611084 , 2.05492973328 , 1.98602676392
0.707149505615 , 1.68418884277 , 1.80292129517
0.956058502197 , 2.91180610657 , 1.73091888428
0.700950622559 , 2.60400772095 , 2.15888023376
0.675916671753 , 1.79290771484 , 1.7728805542
0.801086425781 , 1.69491767883 , 1.70683860779
0.768184661865 , 1.91307067871 , 2.90584564209
0.808000564575 , 2.09403038025 , 2.93397903442
0.679016113281 , 1.88302993774 , 1.78194046021
0.738859176636 , 1.69205665588 , 1.79696083069
0.723838806152 , 1.67798995972 , 1.73902511597
0.854969024658 , 2.98094749451 , 2.33292579651
0.840902328491 , 1.92999839783 , 3.40485572815
0.833988189697 , 2.56490707397 , 1.83486938477
0.746965408325 , 1.66797637939 , 1.77383422852
0.839948654175 , 3.21507453918 , 2.07114219666
0.747919082642 , 1.69801712036 , 1.82414054871
0.709056854248 , 1.69897079468 , 1.99317932129
0.718116760254 , 1.94597244263 , 1.87206268311
0.861883163452 , 2.12097167969 , 1.91283226013
0.813007354736 , 1.89399719238 , 1.87492370605
0.833034515381 , 1.75404548645 , 1.8618106842
0.869035720825 , 3.31997871399 , 2.62904167175
0.825166702271 , 2.03490257263 , 1.94120407104
0.752925872803 , 1.91807746887 , 1.91497802734
0.762939453125 , 1.71113014221 , 2.66599655151
0.744819641113 , 1.77407264709 , 1.84011459351
0.908851623535 , 3.96299362183 , 1.86395645142
0.630140304565 , 1.74307823181 , 2.35819816589
0.887870788574 , 1.75404548645 , 1.78098678589
1.27601623535 , 2.41184234619 , 1.78503990173
0.80394744873 , 1.69897079468 , 1.85990333557
0.606775283813 , 3.25894355774 , 3.38220596313
0.859975814819 , 2.42805480957 , 1.89304351807
0.777006149292 , 1.69706344604 , 1.77597999573
0.810861587524 , 1.84917449951 , 1.80816650391
1.06382369995 , 2.80690193176 , 1.89900398254
0.972986221313 , 2.78210639954 , 1.76787376404
0.924110412598 , 1.64294242859 , 1.8048286438
0.877141952515 , 1.68395042419 , 3.30996513367
0.700950622559 , 1.76978111267 , 1.80006027222
0.783920288086 , 2.33912467957 , 1.91211700439
2.22897529602 , 1.80912017822 , 1.72019004822
0.813961029053 , 1.81007385254 , 1.74880027771
0.86784362793 , 1.6930103302 , 1.78599357605
0.702857971191 , 1.8470287323 , 1.79815292358
0.700950622559 , 1.72519683838 , 1.83391571045
0.80418586731 , 3.21292877197 , 2.62403488159
0.741958618164 , 1.8048286438 , 1.8208026886
0.726938247681 , 1.75786018372 , 1.79600715637
0.804901123047 , 2.69508361816 , 1.85012817383
0.711917877197 , 1.71089172363 , 2.0809173584
0.746965408325 , 1.73187255859 , 1.95097923279
1.24001502991 , 2.05397605896 , 1.89208984375
0.798940658569 , 1.74188613892 , 2.19202041626
0.717878341675 , 1.76191329956 , 2.0170211792
0.748157501221 , 1.72209739685 , 1.97196006775
0.708103179932 , 1.77717208862 , 1.80292129517
0.781059265137 , 1.74808502197 , 1.7831325531
0.827074050903 , 1.71685218811 , 2.14290618896
0.886201858521 , 1.87993049622 , 1.88803672791
0.690937042236 , 1.73592567444 , 1.82294845581
2.09188461304 , 2.05683708191 , 2.63595581055
0.734090805054 , 1.78289413452 , 2.03585624695
0.702142715454 , 2.00510025024 , 2.63285636902
1.12414360046 , 2.61783599854 , 1.95789337158
0.702142715454 , 1.74403190613 , 1.75595283508
0.82802772522 , 1.74999237061 , 2.00796127319
1.10483169556 , 2.11906433105 , 1.83606147766
0.787973403931 , 1.77884101868 , 2.17604637146
0.916004180908 , 1.92809104919 , 2.22206115723
1.32513046265 , 3.90410423279 , 6.69097900391
0.859975814819 , 1.72901153564 , 1.8470287323
0.821113586426 , 1.72400474548 , 1.86586380005
0.729084014893 , 1.75309181213 , 1.82914733887
0.838041305542 , 1.79696083069 , 1.9519329071
2.02393531799 , 1.92999839783 , 2.66790390015
0.745058059692 , 1.70803070068 , 1.79982185364
0.768899917603 , 1.8789768219 , 2.85506248474
0.727891921997 , 2.07495689392 , 3.03292274475
0.714778900146 , 1.78813934326 , 1.86014175415
0.74291229248 , 1.75094604492 , 1.76596641541
0.739097595215 , 2.95782089233 , 2.51078605652
1.16205215454 , 3.45206260681 , 1.80196762085
0.822067260742 , 1.71995162964 , 1.7728805542
0.854015350342 , 1.74283981323 , 1.78408622742
0.73504447937 , 1.74307823181 , 1.86896324158
0.942945480347 , 1.75881385803 , 1.79386138916
0.705003738403 , 1.76286697388 , 2.06780433655
0.716924667358 , 1.75213813782 , 1.84392929077
0.771045684814 , 1.7409324646 , 1.88398361206
0.808000564575 , 1.82795524597 , 3.32880020142
0.696182250977 , 1.73091888428 , 1.80006027222
0.850915908813 , 2.90083885193 , 1.82008743286
0.777959823608 , 2.30693817139 , 2.38299369812
0.704050064087 , 1.91688537598 , 1.92093849182
0.81205368042 , 1.94716453552 , 1.80006027222
0.767946243286 , 1.70493125916 , 1.7728805542
0.773906707764 , 1.86204910278 , 3.09801101685
1.4500617981 , 2.11000442505 , 1.99413299561
0.730037689209 , 1.7421245575 , 1.86395645142
0.879049301147 , 1.7249584198 , 1.75499916077
1.48296356201 , 2.08806991577 , 1.91211700439
0.97393989563 , 2.09283828735 , 3.7670135498
0.776052474976 , 1.77478790283 , 1.80888175964
0.897884368896 , 1.73306465149 , 1.79505348206
0.771045684814 , 1.73497200012 , 1.84297561646
0.75888633728 , 2.14409828186 , 2.10285186768
2.45714187622 , 3.12209129333 , 2.17890739441
0.730037689209 , 1.68800354004 , 1.81603431702
0.881910324097 , 1.75094604492 , 1.78098678589
0.802993774414 , 1.67894363403 , 4.31489944458
0.730991363525 , 1.68704986572 , 1.75309181213
0.773906707764 , 1.67798995972 , 2.15911865234
0.764846801758 , 2.19011306763 , 2.28905677795
0.843048095703 , 1.81579589844 , 2.62498855591
1.12104415894 , 1.91497802734 , 1.70278549194
0.778913497925 , 1.67989730835 , 1.71899795532
0.828981399536 , 1.90091133118 , 3.29899787903
0.854015350342 , 2.04205513 , 2.51913070679
0.88095664978 , 1.76405906677 , 1.76095962524
0.771045684814 , 1.67512893677 , 1.72591209412
1.41406059265 , 1.95693969727 , 1.80888175964
0.777006149292 , 1.9679069519 , 2.82192230225
0.792980194092 , 1.71399116516 , 1.78408622742
0.753164291382 , 1.6930103302 , 1.79290771484
1.1420249939 , 2.79188156128 , 1.71399116516
0.99515914917 , 2.00200080872 , 1.71613693237
0.629186630249 , 2.17700004578 , 4.78482246399
0.704050064087 , 1.73711776733 , 1.78098678589
0.756978988647 , 1.83320045471 , 2.10094451904
0.935077667236 , 3.29685211182 , 2.92992591858
0.754117965698 , 1.76405906677 , 1.93285942078
0.92601776123 , 1.81794166565 , 1.80387496948
0.861883163452 , 2.0899772644 , 1.81913375854
0.694990158081 , 1.92499160767 , 3.61299514771
0.715017318726 , 1.7569065094 , 1.86419487
0.748157501221 , 1.78289413452 , 1.85394287109
1.78384780884 , 1.89590454102 , 1.76811218262
0.748157501221 , 1.76000595093 , 1.91617012024
0.741004943848 , 3.249168396 , 3.16095352173
0.722169876099 , 1.7421245575 , 1.87110900879
0.783920288086 , 1.72805786133 , 1.89208984375
0.79607963562 , 1.70183181763 , 4.15301322937
0.799179077148 , 1.8949508667 , 1.93095207214
1.16801261902 , 2.91991233826 , 1.9052028656
1.94215774536 , 2.55107879639 , 1.95407867432
1.04904174805 , 1.98602676392 , 2.42185592651
0.777006149292 , 1.79696083069 , 1.84297561646
0.72979927063 , 1.79600715637 , 1.88899040222
0.820875167847 , 1.8310546875 , 1.82509422302
0.856876373291 , 1.73401832581 , 1.80816650391
0.951051712036 , 3.01194190979 , 1.84488296509
0.748872756958 , 1.72400474548 , 3.41796875
0.962972640991 , 1.81698799133 , 1.80196762085
1.0449886322 , 2.27904319763 , 1.85298919678
0.745058059692 , 1.66893005371 , 1.88803672791
1.8630027771 , 1.85489654541 , 1.78480148315
1.05714797974 , 1.88493728638 , 1.80196762085
0.694036483765 , 1.73687934875 , 2.22587585449
0.679016113281 , 1.79314613342 , 1.83701515198
0.745058059692 , 1.69396400452 , 1.74880027771
0.808000564575 , 3.37696075439 , 1.87993049622
1.03402137756 , 1.97005271912 , 1.81412696838
0.694990158081 , 1.76382064819 , 2.16698646545
0.720024108887 , 1.69801712036 , 1.77216529846
0.717163085938 , 1.68704986572 , 1.87182426453
1.82700157166 , 1.81698799133 , 1.93500518799
1.08695030212 , 1.74903869629 , 1.80697441101
0.750064849854 , 1.78098678589 , 2.03204154968
0.716924667358 , 1.70207023621 , 1.76215171814
1.17993354797 , 2.21490859985 , 1.94311141968
2.10618972778 , 1.80006027222 , 1.82104110718
0.951051712036 , 1.7249584198 , 1.77311897278
0.873804092407 , 1.71709060669 , 1.74784660339
0.720024108887 , 1.76978111267 , 1.78813934326
0.746965408325 , 1.79290771484 , 1.79314613342
0.756025314331 , 1.87706947327 , 3.08609008789
0.864028930664 , 1.72400474548 , 1.74808502197
0.851154327393 , 1.95598602295 , 2.15101242065
0.739812850952 , 1.69897079468 , 1.69992446899
0.81992149353 , 1.98197364807 , 1.78503990173
0.748872756958 , 1.94001197815 , 2.79784202576
0.653028488159 , 1.72019004822 , 1.79600715637
0.698804855347 , 1.69897079468 , 1.80792808533
0.728130340576 , 1.69897079468 , 1.75380706787
0.753879547119 , 1.68991088867 , 1.90997123718
0.789880752563 , 1.76215171814 , 1.77502632141
0.750064849854 , 1.797914505 , 1.76191329956
1.59597396851 , 1.98698043823 , 1.82199478149
0.728845596313 , 1.68108940125 , 1.83200836182
0.844955444336 , 1.76405906677 , 1.80006027222
0.696897506714 , 1.74903869629 , 2.08902359009
0.791072845459 , 1.72114372253 , 1.75619125366
0.882863998413 , 1.85704231262 , 1.73115730286
0.946044921875 , 2.66218185425 , 1.7261505127
0.772953033447 , 1.72400474548 , 1.83415412903
0.868082046509 , 1.72805786133 , 1.75905227661
0.749826431274 , 1.66702270508 , 2.08282470703
0.731945037842 , 1.67918205261 , 1.88708305359
0.684022903442 , 1.75189971924 , 3.61919403076
0.811100006104 , 1.71899795532 , 1.75595283508
0.737905502319 , 1.74307823181 , 1.81889533997
0.692844390869 , 1.68204307556 , 1.76811218262
0.999212265015 , 2.06589698792 , 1.72901153564
0.957012176514 , 3.19910049438 , 2.07996368408
0.817060470581 , 1.70087814331 , 1.82318687439
0.959157943726 , 1.71518325806 , 1.80697441101
0.823020935059 , 1.76215171814 , 1.7409324646
0.730991363525 , 1.78599357605 , 1.76000595093
0.865936279297 , 3.30901145935 , 2.03990936279
0.792980194092 , 1.70803070068 , 1.82604789734
0.724077224731 , 1.71804428101 , 1.83701515198
0.976085662842 , 1.81698799133 , 2.03490257263
0.691890716553 , 1.82700157166 , 1.87206268311
0.710010528564 , 4.81605529785 , 1.96194648743
0.88095664978 , 1.7511844635 , 1.86896324158
0.782012939453 , 1.90305709839 , 2.03704833984
0.709056854248 , 2.91085243225 , 2.53701210022
0.875949859619 , 1.80101394653 , 1.9359588623
0.80394744873 , 3.0620098114 , 1.88994407654
1.05905532837 , 2.42400169373 , 2.31099128723
1.08313560486 , 1.87492370605 , 1.87516212463
0.86498260498 , 1.83510780334 , 1.95407867432
0.810861587524 , 1.99604034424 , 1.97505950928
0.998973846436 , 4.5428276062 , 3.42082977295
0.695943832397 , 1.88779830933 , 1.90591812134
0.818014144897 , 1.83796882629 , 2.77495384216
0.940084457397 , 3.24201583862 , 2.53200531006
1.16300582886 , 1.86991691589 , 1.93309783936
0.71907043457 , 1.75404548645 , 1.73711776733
0.80394744873 , 2.64883041382 , 2.10285186768
0.836849212646 , 1.68395042419 , 3.57580184937
0.763893127441 , 1.82890892029 , 1.86491012573
0.684022903442 , 1.66201591492 , 1.86991691589
1.70683860779 , 1.85489654541 , 1.6942024231
1.54209136963 , 2.06589698792 , 1.79386138916
0.798940658569 , 1.69086456299 , 1.74403190613
0.777959823608 , 1.68204307556 , 1.73306465149
0.919103622437 , 2.59399414062 , 1.9359588623
0.964164733887 , 3.08203697205 , 1.73687934875
1.38401985168 , 2.2439956665 , 1.73711776733
0.892877578735 , 1.66392326355 , 1.74188613892
0.910997390747 , 2.51197814941 , 1.91402435303
0.747919082642 , 1.65700912476 , 1.82509422302
0.638961791992 , 1.74188613892 , 3.53693962097
0.849962234497 , 2.84099578857 , 2.43496894836
0.720024108887 , 1.66010856628 , 1.78909301758
1.82890892029 , 1.81102752686 , 1.72209739685
0.808000564575 , 1.68299674988 , 3.42106819153
0.749111175537 , 1.85608863831 , 1.84082984924
0.860929489136 , 2.68816947937 , 2.18796730042
0.706911087036 , 1.67608261108 , 1.76215171814
0.994920730591 , 2.11501121521 , 3.12805175781
0.744104385376 , 1.81293487549 , 1.93190574646
0.814914703369 , 1.93285942078 , 1.83510780334
0.921964645386 , 1.76000595093 , 1.73282623291
0.716209411621 , 1.67489051819 , 1.70993804932
0.746011734009 , 1.90305709839 , 2.70581245422
1.29008293152 , 2.10809707642 , 2.06303596497
0.777006149292 , 1.69396400452 , 1.78599357605
0.738859176636 , 1.68800354004 , 1.73902511597
0.750064849854 , 2.02512741089 , 2.19893455505
0.825881958008 , 1.70993804932 , 1.75499916077
1.51515007019 , 2.09808349609 , 1.76191329956
0.723838806152 , 1.67798995972 , 1.77192687988
0.883102416992 , 2.73013114929 , 1.79409980774
0.800132751465 , 2.37894058228 , 2.35891342163
0.863075256348 , 1.73306465149 , 1.82700157166
0.768184661865 , 2.79116630554 , 2.23708152771
0.697135925293 , 1.68609619141 , 1.75094604492
0.72979927063 , 1.91593170166 , 3.65591049194
0.926971435547 , 2.49791145325 , 2.38800048828
0.73504447937 , 1.73401832581 , 1.84297561646
0.663995742798 , 1.78599357605 , 1.77693367004
0.849962234497 , 1.97887420654 , 2.66599655151
0.787973403931 , 1.78599357605 , 1.7728805542
1.43694877625 , 1.92809104919 , 1.83796882629
0.767946243286 , 1.87492370605 , 2.0649433136
1.91688537598 , 1.83200836182 , 1.72996520996
0.820159912109 , 1.7409324646 , 2.49099731445
0.833988189697 , 1.708984375 , 2.01797485352
1.43384933472 , 1.90496444702 , 1.78098678589
0.795841217041 , 1.7569065094 , 1.76596641541
1.04188919067 , 3.21507453918 , 1.78098678589
0.990867614746 , 2.2280216217 , 1.86800956726
0.931978225708 , 1.75309181213 , 1.70707702637
1.12295150757 , 1.78599357605 , 1.73902511597
0.652074813843 , 1.68991088867 , 1.77001953125
0.692844390869 , 1.82795524597 , 3.19504737854
0.89693069458 , 1.93214416504 , 1.67608261108
0.762939453125 , 1.73616409302 , 1.88112258911
0.73504447937 , 1.9199848175 , 1.80315971375
0.880002975464 , 2.3729801178 , 1.93405151367
0.741004943848 , 1.71184539795 , 3.35097312927
0.750064849854 , 1.75905227661 , 1.75905227661
0.661849975586 , 1.68704986572 , 1.78790092468
1.95813179016 , 1.89995765686 , 1.68418884277
1.01685523987 , 2.74014472961 , 1.94120407104
0.854969024658 , 1.71780586243 , 1.76787376404
1.01494789124 , 2.08592414856 , 1.91497802734
0.700950622559 , 1.67417526245 , 1.82318687439
0.672101974487 , 1.70707702637 , 3.49378585815
0.766038894653 , 2.99286842346 , 2.91109085083
0.859022140503 , 1.67798995972 , 1.75905227661
0.925064086914 , 2.46095657349 , 1.96599960327
0.686168670654 , 1.73592567444 , 1.7569065094
0.641107559204 , 1.96003913879 , 2.78401374817
0.684976577759 , 1.9428730011 , 2.29692459106
0.853061676025 , 1.80101394653 , 1.81698799133
0.741004943848 , 1.69086456299 , 1.74307823181
0.78296661377 , 1.99913978577 , 2.95805931091
0.771999359131 , 1.76620483398 , 2.02202796936
1.51109695435 , 1.88589096069 , 2.20894813538
0.748157501221 , 1.67679786682 , 1.75595283508
0.735998153687 , 1.70302391052 , 3.83901596069
1.14607810974 , 2.72417068481 , 2.17604637146
0.787019729614 , 1.71709060669 , 2.04396247864
0.826120376587 , 1.93190574646 , 1.74808502197
0.729084014893 , 1.68395042419 , 1.75404548645
0.736951828003 , 2.92301177979 , 1.90114974976
0.81205368042 , 2.5999546051 , 2.05707550049
0.686168670654 , 1.73020362854 , 1.77502632141
0.753164291382 , 1.82199478149 , 1.76501274109
0.759124755859 , 2.0170211792 , 2.87103652954
0.729084014893 , 1.94787979126 , 1.9998550415
1.61600112915 , 1.88899040222 , 1.83701515198
0.669002532959 , 1.69086456299 , 1.83176994324
1.04117393494 , 1.82604789734 , 2.59709358215
0.915050506592 , 2.56609916687 , 1.98006629944
0.886201858521 , 1.76811218262 , 1.98698043823
0.797033309937 , 2.04515457153 , 1.77192687988
0.689029693604 , 1.68395042419 , 1.84321403503
1.86610221863 , 1.8618106842 , 1.83892250061
0.887155532837 , 2.33602523804 , 2.16698646545
0.82802772522 , 1.7101764679 , 1.80912017822
0.740051269531 , 2.03394889832 , 1.74307823181
0.690937042236 , 1.67202949524 , 1.77001953125
0.805854797363 , 2.90107727051 , 2.07805633545
0.850915908813 , 2.71105766296 , 2.06303596497
0.663042068481 , 1.78194046021 , 1.7991065979
2.0170211792 , 1.84988975525 , 1.69992446899
1.16419792175 , 2.52413749695 , 2.08902359009
0.693082809448 , 1.85394287109 , 3.34596633911
0.92601776123 , 1.9850730896 , 1.76906585693
0.708103179932 , 1.67989730835 , 1.81293487549
1.14703178406 , 3.05485725403 , 1.78599357605
0.753164291382 , 1.9850730896 , 1.80602073669
0.729084014893 , 1.68180465698 , 3.42988967896
0.720024108887 , 1.68085098267 , 1.79600715637
0.725030899048 , 1.66201591492 , 2.00986862183
0.917911529541 , 2.97999382019 , 1.77502632141
0.974178314209 , 2.04420089722 , 1.73807144165
0.948190689087 , 2.17890739441 , 1.78980827332
1.44600868225 , 2.0580291748 , 1.80602073669
0.797033309937 , 1.68490409851 , 1.78003311157
2.1641254425 , 1.82819366455 , 1.7991065979
0.755071640015 , 1.93905830383 , 2.31719017029
0.918865203857 , 1.72805786133 , 1.76405906677
0.754833221436 , 3.74722480774 , 1.91712379456
0.725984573364 , 1.68895721436 , 1.76191329956
0.751972198486 , 1.87683105469 , 3.12805175781
0.709056854248 , 2.70795822144 , 2.35605239868
0.684976577759 , 1.73401832581 , 1.97196006775
0.808000564575 , 1.90186500549 , 2.16293334961
0.720977783203 , 1.69610977173 , 1.75309181213
0.680923461914 , 1.68895721436 , 1.83796882629
0.647068023682 , 1.78694725037 , 3.25083732605
0.725984573364 , 1.68514251709 , 1.78098678589
0.707149505615 , 1.69205665588 , 1.73997879028
0.757932662964 , 2.95805931091 , 2.681016922
0.910043716431 , 3.88813018799 , 3.17001342773
0.826835632324 , 1.80506706238 , 1.82008743286
0.98705291748 , 2.02488899231 , 2.06589698792
0.768899917603 , 1.79886817932 , 1.88302993774
1.08194351196 , 2.94804573059 , 1.91283226013
0.864028930664 , 1.84321403503 , 1.9268989563
1.07717514038 , 2.0740032196 , 1.97696685791
0.795841217041 , 1.85418128967 , 2.04515457153
0.96607208252 , 2.94709205627 , 1.86610221863
1.18494033813 , 2.07495689392 , 1.94406509399
0.731945037842 , 1.88994407654 , 2.73704528809
0.679016113281 , 1.80006027222 , 1.81293487549
0.694036483765 , 1.78623199463 , 1.73306465149
0.701189041138 , 1.68704986572 , 1.72209739685
0.671863555908 , 1.68395042419 , 1.74307823181
0.800132751465 , 1.65796279907 , 1.99794769287
0.732898712158 , 1.65605545044 , 1.80912017822
1.9998550415 , 2.25877761841 , 1.72996520996
1.05595588684 , 3.21412086487 , 1.73687934875
0.692129135132 , 1.6770362854 , 1.81198120117
0.92601776123 , 1.73497200012 , 1.82509422302
0.977039337158 , 1.79576873779 , 1.74999237061
0.667095184326 , 1.67989730835 , 1.75881385803
2.03394889832 , 1.70278549194 , 1.86610221863
0.790119171143 , 1.83200836182 , 1.82104110718
0.924110412598 , 1.87802314758 , 1.94501876831
0.701904296875 , 1.74307823181 , 1.79004669189
0.852823257446 , 1.98292732239 , 1.78003311157
0.909090042114 , 3.00312042236 , 2.17008590698
0.92887878418 , 1.78909301758 , 1.94406509399
0.833988189697 , 1.75595283508 , 1.79481506348
0.79083442688 , 1.99508666992 , 2.00891494751
0.702142715454 , 1.79195404053 , 1.85298919678
0.694036483765 , 1.81102752686 , 3.84306907654
0.833988189697 , 1.76692008972 , 1.78503990173
0.879049301147 , 1.77407264709 , 1.75309181213
0.808000564575 , 2.00986862183 , 1.89590454102
0.802993774414 , 1.77693367004 , 1.87993049622
0.91814994812 , 2.93588638306 , 3.66520881653
0.778913497925 , 1.75809860229 , 1.78813934326
0.85711479187 , 1.73783302307 , 1.86586380005
0.741004943848 , 1.81794166565 , 2.34985351562
0.732898712158 , 1.72781944275 , 1.9199848175
1.72901153564 , 1.82485580444 , 1.84512138367
1.03282928467 , 1.79100036621 , 2.42185592651
0.799894332886 , 1.73711776733 , 1.90901756287
0.771999359131 , 2.04110145569 , 1.83892250061
0.696182250977 , 1.71780586243 , 1.98292732239
0.767946243286 , 1.80101394653 , 1.77502632141
1.4808177948 , 2.01010704041 , 2.09593772888
0.772953033447 , 1.69897079468 , 2.12788581848
0.732183456421 , 1.77216529846 , 1.84106826782
0.714063644409 , 1.78408622742 , 1.83701515198
0.728845596313 , 1.70397758484 , 1.79505348206
0.985145568848 , 1.9679069519 , 1.78909301758
0.672817230225 , 2.02512741089 , 5.40995597839
0.768184661865 , 1.70087814331 , 1.86419487
0.717163085938 , 1.76286697388 , 2.06017494202
1.77884101868 , 1.88207626343 , 1.88207626343
0.933170318604 , 1.73807144165 , 1.84798240662
0.797033309937 , 1.90091133118 , 2.65789031982
0.721216201782 , 1.72591209412 , 1.98221206665
0.695943832397 , 1.78098678589 , 1.87706947327
0.705003738403 , 1.85203552246 , 2.9730796814
0.73504447937 , 1.70612335205 , 1.77407264709
0.750064849854 , 1.73997879028 , 3.49187850952
1.04713439941 , 2.84290313721 , 2.02608108521
0.727891921997 , 1.81102752686 , 1.82294845581
0.734090805054 , 1.72996520996 , 1.73616409302
0.785112380981 , 2.94995307922 , 2.27308273315
0.725030899048 , 1.70803070068 , 1.90901756287
0.766038894653 , 1.89709663391 , 1.80697441101
0.694990158081 , 1.79219245911 , 1.88302993774
1.60717964172 , 1.88708305359 , 1.79600715637
0.921010971069 , 2.38680839539 , 1.95598602295
0.786066055298 , 1.71899795532 , 2.08687782288
0.673055648804 , 1.75380706787 , 1.79982185364
0.679016113281 , 1.74498558044 , 1.82104110718
0.766038894653 , 2.54702568054 , 1.79290771484
1.24406814575 , 1.98698043823 , 2.18391418457
0.755071640015 , 1.75786018372 , 2.032995224
0.848054885864 , 1.97792053223 , 1.79600715637
0.725984573364 , 1.7249584198 , 1.85394287109
0.915050506592 , 2.90894508362 , 1.84106826782
0.909090042114 , 2.99406051636 , 1.89590454102
0.779151916504 , 1.76000595093 , 3.45587730408
0.913858413696 , 1.74498558044 , 1.97100639343
0.654935836792 , 1.71208381653 , 1.92308425903
0.755071640015 , 1.77788734436 , 1.80006027222
0.807046890259 , 1.95813179016 , 1.77097320557
0.961065292358 , 1.88112258911 , 3.57604026794
0.787973403931 , 1.80196762085 , 1.86204910278
1.02591514587 , 1.73616409302 , 1.82890892029
0.713109970093 , 1.7421245575 , 1.81818008423
0.869035720825 , 1.82700157166 , 1.80006027222
0.68211555481 , 1.6758441925 , 1.86491012573
0.813007354736 , 1.70493125916 , 1.8367767334
0.731945037842 , 1.69205665588 , 1.85298919678
0.740051269531 , 1.85084342957 , 3.59296798706
0.670909881592 , 1.7421245575 , 1.88994407654
0.789165496826 , 2.07495689392 , 3.30090522766
0.98705291748 , 3.95011901855 , 3.19004058838
1.0941028595 , 2.56609916687 , 3.751039505
1.03211402893 , 2.30693817139 , 1.73401832581
0.794172286987 , 1.71399116516 , 3.75294685364
0.708103179932 , 1.70207023621 , 1.79195404053
0.701904296875 , 1.66702270508 , 1.91903114319
1.05285644531 , 3.27181816101 , 1.79409980774
0.848054885864 , 1.68704986572 , 1.83701515198
0.771045684814 , 1.72305107117 , 1.7728805542
0.761032104492 , 1.78003311157 , 1.97291374207
0.716924667358 , 1.97100639343 , 1.99699401855
0.881910324097 , 3.07703018188 , 1.89208984375
0.800848007202 , 1.87706947327 , 1.92809104919
0.877141952515 , 1.80077552795 , 2.32601165771
0.836849212646 , 1.75499916077 , 1.89399719238
0.76699256897 , 1.66487693787 , 1.797914505
0.760078430176 , 1.64794921875 , 1.72805786133
0.931024551392 , 1.66797637939 , 1.86109542847
0.895977020264 , 1.75094604492 , 1.74593925476
0.829935073853 , 1.69110298157 , 1.75499916077
0.890970230103 , 2.00700759888 , 3.05485725403
0.761985778809 , 3.01098823547 , 2.30598449707
0.761032104492 , 1.7249584198 , 1.72400474548
0.825166702271 , 1.72996520996 , 1.99913978577
0.748157501221 , 2.09093093872 , 1.94096565247
0.759124755859 , 1.68204307556 , 1.86491012573
0.894069671631 , 1.90091133118 , 1.79886817932
0.846862792969 , 3.12900543213 , 2.27093696594
0.871896743774 , 1.88112258911 , 3.27110290527
0.980854034424 , 1.76000595093 , 1.85704231262
0.834941864014 , 1.75905227661 , 1.78408622742
1.05094909668 , 2.8669834137 , 1.7671585083
0.852108001709 , 1.89685821533 , 1.7409324646
0.935077667236 , 1.93309783936 , 3.44109535217
0.816106796265 , 1.70516967773 , 1.81913375854
0.720977783203 , 1.7421245575 , 1.78098678589
0.727891921997 , 1.75309181213 , 1.77407264709
0.864028930664 , 1.82199478149 , 1.91807746887
0.78296661377 , 1.79386138916 , 2.30884552002
0.722885131836 , 1.72805786133 , 1.86109542847
0.737905502319 , 1.69682502747 , 1.85203552246
0.746011734009 , 1.82795524597 , 1.94597244263
0.972032546997 , 2.26211547852 , 1.77502632141
0.772953033447 , 1.73306465149 , 1.81603431702
0.745058059692 , 1.68800354004 , 1.82390213013
1.0998249054 , 2.08806991577 , 1.94120407104
0.837802886963 , 2.77805328369 , 2.06995010376
0.920057296753 , 1.78599357605 , 1.83916091919
0.777006149292 , 1.74188613892 , 1.82199478149
0.762939453125 , 1.72901153564 , 1.8208026886
0.753879547119 , 2.02512741089 , 2.1550655365
0.970840454102 , 3.00002098083 , 2.13479995728
0.81992149353 , 1.75189971924 , 1.80292129517
0.729084014893 , 1.80792808533 , 1.89685821533
0.756978988647 , 1.75499916077 , 1.79600715637
0.98705291748 , 2.03084945679 , 1.77478790283
0.738143920898 , 1.75380706787 , 3.56602668762
0.798225402832 , 1.75619125366 , 1.89208984375
0.750064849854 , 1.76787376404 , 1.84512138367
0.743865966797 , 1.71709060669 , 1.86705589294
0.936031341553 , 2.25687026978 , 1.81484222412
0.85711479187 , 1.72686576843 , 3.36313247681
1.0290145874 , 1.94883346558 , 1.80101394653
0.750064849854 , 1.71399116516 , 1.86109542847
0.894069671631 , 3.27801704407 , 1.82414054871
0.76699256897 , 2.0809173584 , 1.92904472351
0.830888748169 , 2.15315818787 , 3.29303741455
0.724077224731 , 1.99723243713 , 2.02894210815
0.855207443237 , 1.86085700989 , 1.93905830383
0.962018966675 , 1.90091133118 , 3.45492362976
0.673055648804 , 1.84202194214 , 1.84512138367
0.860929489136 , 2.76303291321 , 1.81078910828
0.673055648804 , 1.83796882629 , 3.11708450317
0.725984573364 , 1.71303749084 , 1.72710418701
0.914096832275 , 2.34222412109 , 1.86395645142
0.762939453125 , 1.71184539795 , 1.75786018372
0.801086425781 , 2.99596786499 , 1.76882743835
1.47390365601 , 2.14290618896 , 1.75404548645
1.06501579285 , 1.83010101318 , 1.82700157166
0.921964645386 , 2.20489501953 , 1.75905227661
0.666856765747 , 1.66487693787 , 1.76286697388
0.760078430176 , 1.71208381653 , 2.20799446106
1.48701667786 , 2.26402282715 , 1.92999839783
0.848054885864 , 1.79290771484 , 1.79409980774
0.751972198486 , 1.69992446899 , 1.77502632141
0.833988189697 , 2.80785560608 , 1.95693969727
0.726938247681 , 1.94311141968 , 2.96211242676
0.871181488037 , 1.91807746887 , 1.84988975525
0.724792480469 , 1.82199478149 , 1.77192687988
0.844955444336 , 1.71208381653 , 1.7511844635
1.13701820374 , 2.09379196167 , 1.93190574646
0.676155090332 , 1.71113014221 , 2.03418731689
0.782012939453 , 1.74713134766 , 1.78003311157
0.711917877197 , 1.76095962524 , 1.77597999573
0.830173492432 , 3.18884849548 , 1.88302993774
0.75101852417 , 2.17199325562 , 1.74999237061
0.766038894653 , 1.708984375 , 1.91903114319
0.921010971069 , 1.82485580444 , 1.72805786133
0.787019729614 , 1.68991088867 , 1.74903869629
0.931978225708 , 1.98411941528 , 3.89289855957
0.795841217041 , 2.2349357605 , 1.81078910828
0.84400177002 , 1.77693367004 , 1.79100036621
0.86498260498 , 1.83987617493 , 1.73592567444
0.870943069458 , 1.80506706238 , 1.76596641541
0.817060470581 , 2.90393829346 , 1.85990333557
0.73504447937 , 2.1538734436 , 1.797914505
0.636100769043 , 1.83296203613 , 1.82390213013
0.786066055298 , 1.79195404053 , 1.76095962524
0.95009803772 , 2.18915939331 , 1.89399719238
0.773906707764 , 1.87683105469 , 3.17192077637
0.737190246582 , 2.08497047424 , 1.79600715637
0.773906707764 , 1.71208381653 , 1.94311141968
0.798940658569 , 1.68704986572 , 1.74498558044
1.57999992371 , 2.00295448303 , 1.78694725037
0.787019729614 , 1.66893005371 , 2.1390914917
0.703096389771 , 1.71399116516 , 1.96099281311
0.702857971191 , 1.67798995972 , 1.87802314758
0.724077224731 , 1.70612335205 , 1.74188613892
1.07598304749 , 1.9268989563 , 1.79386138916
0.80394744873 , 1.75213813782 , 1.77884101868
0.715970993042 , 1.68895721436 , 1.77693367004
0.959157943726 , 2.0649433136 , 1.92999839783
1.8949508667 , 1.81412696838 , 1.74307823181
1.00588798523 , 1.88994407654 , 1.73091888428
1.05094909668 , 1.97196006775 , 2.08115577698
0.648975372314 , 1.6770362854 , 1.76620483398
1.25789642334 , 2.24804878235 , 1.80697441101
0.972986221313 , 3.04913520813 , 1.8150806427
0.817060470581 , 1.88088417053 , 1.80792808533
0.843048095703 , 1.68180465698 , 1.78503990173
0.821113586426 , 1.72090530396 , 1.78098678589
0.872135162354 , 2.27117538452 , 1.75094604492
0.720024108887 , 1.77597999573 , 2.05016136169
0.746965408325 , 1.67608261108 , 1.86610221863
0.739097595215 , 1.71899795532 , 1.80411338806
0.730991363525 , 1.68490409851 , 1.77192687988
0.962972640991 , 2.28404998779 , 2.14600563049
0.633001327515 , 1.78384780884 , 3.35192680359
0.715970993042 , 1.69396400452 , 1.82700157166
0.725030899048 , 1.69014930725 , 1.8138885498
1.56903266907 , 1.80006027222 , 1.7671585083
0.849008560181 , 2.14290618896 , 1.75309181213
0.888824462891 , 1.93405151367 , 2.07996368408
0.774145126343 , 1.96194648743 , 1.78503990173
0.731945037842 , 1.68013572693 , 1.81007385254
0.75101852417 , 1.9199848175 , 3.2970905304
1.2640953064 , 2.23302841187 , 1.95598602295
0.733137130737 , 1.69205665588 , 2.01797485352
0.839948654175 , 1.79219245911 , 1.72710418701
0.833988189697 , 1.87397003174 , 1.86514854431
0.937223434448 , 3.05509567261 , 1.76692008972
0.791072845459 , 2.52604484558 , 2.22492218018
0.798940658569 , 1.72686576843 , 1.78003311157
1.90615653992 , 2.99501419067 , 1.83391571045
0.710964202881 , 1.69682502747 , 1.797914505
0.746011734009 , 3.38101387024 , 1.77001953125
1.2059211731 , 2.19392776489 , 1.94501876831
0.674962997437 , 1.73187255859 , 1.94406509399
2.04706192017 , 1.84106826782 , 1.79719924927
1.05500221252 , 2.74395942688 , 1.91211700439
0.936985015869 , 1.73306465149 , 3.55410575867
0.971794128418 , 1.97982788086 , 1.90496444702
0.701189041138 , 1.69086456299 , 1.80697441101
0.696897506714 , 1.66010856628 , 1.80912017822
0.920057296753 , 2.44903564453 , 1.95002555847
0.787019729614 , 1.69205665588 , 2.02608108521
0.913858413696 , 1.69801712036 , 1.83415412903
0.684976577759 , 1.69992446899 , 1.72686576843
0.898122787476 , 2.40206718445 , 1.85513496399
1.4979839325 , 2.21800804138 , 1.7831325531
0.797986984253 , 1.69396400452 , 1.75905227661
0.733852386475 , 1.6930103302 , 1.74117088318
1.04904174805 , 2.1960735321 , 1.89614295959
0.820875167847 , 2.88105010986 , 1.83606147766
2.09808349609 , 2.75707244873 , 1.80912017822
0.865936279297 , 1.71804428101 , 1.76286697388
1.2309551239 , 1.94597244263 , 1.73282623291
0.817060470581 , 1.70302391052 , 1.75499916077
1.05690956116 , 2.97594070435 , 1.78408622742
0.88095664978 , 1.95002555847 , 1.75499916077
0.980138778687 , 1.72686576843 , 1.86800956726
0.797986984253 , 1.73592567444 , 1.78694725037
1.36494636536 , 1.94811820984 , 2.63404846191
0.808000564575 , 1.70588493347 , 2.2120475769
0.828981399536 , 1.89590454102 , 1.9268989563
0.731945037842 , 1.7569065094 , 1.85394287109
0.838041305542 , 1.6930103302 , 1.76692008972
1.00708007812 , 2.17795372009 , 1.8789768219
0.711917877197 , 1.68800354004 , 3.59606742859
0.795841217041 , 1.98698043823 , 1.83391571045
0.715970993042 , 1.67894363403 , 1.8789768219
0.891923904419 , 2.86602973938 , 1.79982185364
1.07097625732 , 2.28190422058 , 1.87492370605
0.745058059692 , 1.71804428101 , 2.0010471344
1.03688240051 , 1.89995765686 , 1.79600715637
0.715017318726 , 1.73902511597 , 1.75404548645
0.664949417114 , 1.77812576294 , 3.75485420227
0.818967819214 , 2.61902809143 , 2.22706794739
0.765800476074 , 1.73687934875 , 1.93786621094
0.749111175537 , 1.72901153564 , 1.74617767334
0.744104385376 , 2.71487236023 , 1.87802314758
0.852108001709 , 3.02696228027 , 1.80602073669
0.766038894653 , 1.73306465149 , 1.83200836182
0.688076019287 , 1.87706947327 , 1.92904472351
0.73504447937 , 1.70612335205 , 1.74999237061
1.21593475342 , 2.07304954529 , 1.87182426453
0.756978988647 , 1.66487693787 , 2.09093093872
1.09481811523 , 1.9998550415 , 1.99890136719
0.687837600708 , 1.69682502747 , 1.85608863831
0.983953475952 , 3.06916236877 , 1.7569065094
1.19781494141 , 2.22206115723 , 1.89089775085
0.712156295776 , 1.69920921326 , 1.83296203613
0.854969024658 , 2.5839805603 , 1.84607505798
0.70595741272 , 1.70207023621 , 1.83010101318
0.808000564575 , 3.33595275879 , 1.77097320557
0.782012939453 , 2.95996665955 , 2.1698474884
0.74315071106 , 1.73687934875 , 1.80912017822
0.756978988647 , 1.69610977173 , 1.79886817932
0.761985778809 , 2.75087356567 , 2.49791145325
0.737905502319 , 1.93691253662 , 2.99501419067
0.837087631226 , 2.20489501953 , 1.80721282959
0.70595741272 , 1.68180465698 , 1.79696083069
0.810861587524 , 3.338098526 , 1.93810462952
1.25503540039 , 2.18200683594 , 1.96695327759
0.751972198486 , 1.84893608093 , 2.29597091675
1.34682655334 , 2.08210945129 , 1.93881988525
0.71907043457 , 1.63888931274 , 1.84392929077
2.02202796936 , 1.83391571045 , 1.81102752686
0.792026519775 , 2.67314910889 , 2.06995010376
0.788927078247 , 1.72710418701 , 1.78408622742
0.761032104492 , 2.02393531799 , 1.71113014221
0.72193145752 , 1.66797637939 , 1.77407264709
0.777959823608 , 3.14807891846 , 1.90591812134
1.34301185608 , 1.98411941528 , 1.82294845581
0.687837600708 , 1.71494483948 , 1.80602073669
0.781059265137 , 1.68991088867 , 1.75809860229
0.859975814819 , 2.37202644348 , 2.27689743042
0.738859176636 , 1.66392326355 , 2.07781791687
0.800848007202 , 1.96003913879 , 1.75786018372
0.692844390869 , 1.69682502747 , 1.79696083069
0.684976577759 , 1.6770362854 , 1.75404548645
1.2149810791 , 2.01010704041 , 1.90281867981
0.86784362793 , 1.78909301758 , 3.2639503479
1.01184844971 , 1.90496444702 , 1.73687934875
0.624895095825 , 1.68991088867 , 1.797914505
2.96187400818 , 1.82294845581 , 1.75285339355
0.827074050903 , 2.02798843384 , 1.73687934875
0.815153121948 , 1.69587135315 , 1.76382064819
0.700950622559 , 1.73497200012 , 2.05421447754
0.715017318726 , 2.47693061829 , 2.07710266113
1.03807449341 , 1.97911262512 , 1.72805786133
0.758171081543 , 1.74784660339 , 1.79600715637
0.756025314331 , 1.75595283508 , 3.71503829956
0.747919082642 , 2.12407112122 , 1.80888175964
0.720024108887 , 1.80602073669 , 1.80792808533
0.751972198486 , 1.75595283508 , 1.81102752686
1.20496749878 , 2.47001647949 , 2.00819969177
0.826835632324 , 2.1858215332 , 2.86483764648
0.770092010498 , 2.032995224 , 1.86395645142
0.753164291382 , 1.73902511597 , 1.85084342957
0.871181488037 , 2.75611877441 , 1.96599960327
1.35588645935 , 2.277135849 , 2.16913223267
0.834941864014 , 3.17001342773 , 2.03609466553
0.823974609375 , 1.90210342407 , 1.97410583496
0.797986984253 , 2.04992294312 , 2.58684158325
0.653982162476 , 2.06804275513 , 2.00605392456
0.769853591919 , 1.83391571045 , 1.80888175964
0.910997390747 , 3.81302833557 , 2.90608406067
0.710010528564 , 1.83796882629 , 1.82199478149
0.809907913208 , 1.93285942078 , 1.90281867981
0.731945037842 , 2.20799446106 , 2.11405754089
0.752210617065 , 1.71804428101 , 1.80387496948
0.931978225708 , 2.08401679993 , 3.96299362183
0.984907150269 , 2.94589996338 , 2.29597091675
0.849962234497 , 1.79696083069 , 1.76405906677
0.898838043213 , 1.97505950928 , 1.83701515198
0.777959823608 , 1.80602073669 , 1.79982185364
1.05094909668 , 3.04913520813 , 1.9690990448
0.861883163452 , 2.11191177368 , 1.76000595093
0.894069671631 , 1.74808502197 , 1.81102752686
0.722169876099 , 1.70087814331 , 1.85585021973
1.14011764526 , 1.98483467102 , 1.88398361206
0.73504447937 , 1.89304351807 , 3.38578224182
0.729084014893 , 1.78194046021 , 1.79696083069
0.696897506714 , 1.79290771484 , 1.82795524597
1.66201591492 , 1.96504592896 , 1.77216529846
1.0199546814 , 1.79290771484 , 1.7728805542
0.744104385376 , 1.98698043823 , 2.83002853394
0.748157501221 , 1.72710418701 , 1.92809104919
0.679969787598 , 1.86395645142 , 1.8150806427
0.758171081543 , 1.74808502197 , 1.80220603943
0.755786895752 , 1.68108940125 , 1.7421245575
0.730991363525 , 1.6667842865 , 2.06804275513
0.754833221436 , 1.65510177612 , 1.74713134766
0.67400932312 , 1.74689292908 , 1.94787979126
0.740051269531 , 1.65009498596 , 1.74999237061
0.715970993042 , 1.9519329071 , 1.8458366394
0.838994979858 , 1.85680389404 , 2.03990936279
0.740051269531 , 1.69396400452 , 3.54504585266
0.737905502319 , 1.76811218262 , 1.82914733887
0.715970993042 , 2.71797180176 , 2.1800994873
0.726938247681 , 1.71589851379 , 1.73687934875
0.80418586731 , 1.94787979126 , 2.99596786499
0.885009765625 , 2.36201286316 , 2.1960735321
0.767946243286 , 1.76215171814 , 1.79195404053
0.794172286987 , 1.93810462952 , 1.96003913879
1.4181137085 , 2.15196609497 , 1.92403793335
0.833988189697 , 3.27301025391 , 1.75380706787
0.731945037842 , 1.71303749084 , 1.81794166565
0.695943832397 , 1.81698799133 , 1.78289413452
0.970840454102 , 3.80182266235 , 1.87301635742
0.927925109863 , 1.96695327759 , 1.73115730286
0.741958618164 , 1.69777870178 , 4.46200370789
0.699996948242 , 1.69587135315 , 1.76095962524
0.72979927063 , 1.95217132568 , 1.78408622742
0.727891921997 , 1.66606903076 , 1.77001953125
0.718116760254 , 1.64318084717 , 1.82485580444
0.830888748169 , 4.05812263489 , 2.64692306519
0.799894332886 , 1.87182426453 , 1.77597999573
0.726938247681 , 1.72090530396 , 1.78194046021
0.714063644409 , 1.66893005371 , 2.80499458313
1.00088119507 , 1.80387496948 , 1.79481506348
0.782012939453 , 1.65319442749 , 3.98802757263
0.715970993042 , 1.6758441925 , 3.73697280884
0.821828842163 , 1.73401832581 , 1.81102752686
0.75101852417 , 2.38990783691 , 2.40087509155
0.755071640015 , 1.69205665588 , 1.91807746887
0.731945037842 , 1.67202949524 , 3.53217124939
0.725030899048 , 2.36392021179 , 2.28786468506
0.623941421509 , 1.68800354004 , 1.78003311157
0.766038894653 , 1.67107582092 , 1.72686576843
0.784873962402 , 1.75094604492 , 2.75707244873
0.80394744873 , 1.64604187012 , 1.98602676392
0.734806060791 , 1.86705589294 , 1.75595283508
0.676870346069 , 1.65605545044 , 1.81317329407
0.900030136108 , 3.15594673157 , 1.80602073669
1.49703025818 , 1.99007987976 , 1.7671585083
0.788927078247 , 1.6610622406 , 2.01082229614
0.859975814819 , 1.94883346558 , 1.7249584198
0.688791275024 , 1.71589851379 , 1.76596641541
0.941038131714 , 2.97212600708 , 1.76906585693
1.4340877533 , 1.92499160767 , 1.82914733887
0.755786895752 , 1.68895721436 , 1.77979469299
2.29096412659 , 1.93500518799 , 1.81317329407
0.827074050903 , 2.59280204773 , 1.87993049622
0.730991363525 , 1.82795524597 , 3.33905220032
0.911951065063 , 1.8949508667 , 1.88994407654
0.737905502319 , 1.82390213013 , 1.88899040222
2.032995224 , 1.81698799133 , 1.71399116516
1.53779983521 , 2.00700759888 , 1.7831325531
0.733137130737 , 2.89607048035 , 2.3729801178
0.988960266113 , 2.02679634094 , 1.90687179565
0.746011734009 , 1.74307823181 , 1.78289413452
0.768899917603 , 1.66583061218 , 1.74903869629
0.984907150269 , 2.22897529602 , 1.88112258911
0.802993774414 , 1.66487693787 , 1.94382667542
0.685214996338 , 1.71494483948 , 1.80697441101
0.756978988647 , 1.75595283508 , 1.76620483398
0.921010971069 , 2.97212600708 , 1.78289413452
0.81205368042 , 1.88088417053 , 1.72901153564
0.897169113159 , 1.6918182373 , 1.74903869629
0.631093978882 , 1.80792808533 , 1.76191329956
1.03116035461 , 2.62212753296 , 1.88994407654
0.859975814819 , 2.81810760498 , 1.74903869629
1.08313560486 , 1.71709060669 , 1.70707702637
0.728845596313 , 1.69682502747 , 1.76310539246
0.713109970093 , 1.73711776733 , 1.6930103302
1.0781288147 , 2.48789787292 , 1.86991691589
0.858068466187 , 1.78408622742 , 2.68697738647
0.741004943848 , 1.65295600891 , 1.80006027222
0.710964202881 , 1.80006027222 , 1.77311897278
1.95002555847 , 1.85203552246 , 1.73115730286
0.905990600586 , 2.02703475952 , 1.89805030823
0.788927078247 , 1.67083740234 , 1.73211097717
0.787973403931 , 1.69110298157 , 1.74689292908
0.908136367798 , 2.0010471344 , 1.92594528198
0.793933868408 , 3.26418876648 , 2.22182273865
0.887870788574 , 1.8949508667 , 1.96313858032
0.859975814819 , 1.90210342407 , 2.27499008179
0.807046890259 , 1.95693969727 , 1.97005271912
0.76699256897 , 1.8949508667 , 2.3181438446
0.735998153687 , 1.92093849182 , 3.05914878845
0.806093215942 , 1.88994407654 , 1.97005271912
0.825881958008 , 2.11787223816 , 3.41606140137
1.03282928467 , 2.72703170776 , 2.20203399658
0.666856765747 , 1.66583061218 , 1.78289413452
0.910997390747 , 2.85196304321 , 1.797914505
0.788927078247 , 2.8121471405 , 2.35605239868
0.823974609375 , 1.69205665588 , 1.7728805542
1.4500617981 , 1.89018249512 , 1.77502632141
0.718832015991 , 1.6610622406 , 1.74522399902
0.952959060669 , 2.82001495361 , 1.84488296509
0.645160675049 , 2.6388168335 , 2.33197212219
0.794887542725 , 1.69897079468 , 1.7728805542
0.944852828979 , 1.89685821533 , 1.74188613892
0.75888633728 , 1.88899040222 , 1.93500518799
0.756978988647 , 1.77884101868 , 2.71892547607
1.41501426697 , 1.99890136719 , 1.95288658142
0.746965408325 , 1.66606903076 , 1.77478790283
0.876188278198 , 2.98118591309 , 1.74307823181
0.810861587524 , 2.98595428467 , 2.36487388611
0.792026519775 , 1.67894363403 , 2.32887268066
0.789880752563 , 1.8789768219 , 1.74379348755
0.667095184326 , 1.66177749634 , 1.73401832581
0.879049301147 , 2.9661655426 , 1.88493728638
1.02591514587 , 3.36313247681 , 2.93803215027
0.885009765625 , 2.14791297913 , 4.15086746216
0.741004943848 , 1.72710418701 , 1.72519683838
0.756025314331 , 1.68108940125 , 2.24089622498
0.751972198486 , 1.86800956726 , 2.00819969177
0.763177871704 , 1.8949508667 , 2.05588340759
0.939130783081 , 3.79300117493 , 2.25615501404
0.798940658569 , 1.90711021423 , 1.95002555847
0.775098800659 , 2.06303596497 , 2.89392471313
0.801086425781 , 3.1681060791 , 2.29907035828
0.813007354736 , 1.92713737488 , 1.99699401855
0.780820846558 , 1.90210342407 , 1.81913375854
1.12199783325 , 2.62904167175 , 1.95288658142
0.777959823608 , 1.67989730835 , 2.0489692688
1.24096870422 , 2.00390815735 , 2.00200080872
0.733137130737 , 1.73997879028 , 1.8138885498
0.816106796265 , 1.75499916077 , 1.7671585083
1.38187408447 , 1.98793411255 , 1.95503234863
0.79083442688 , 1.7261505127 , 1.74713134766
1.59001350403 , 1.99604034424 , 1.78098678589
0.627040863037 , 1.6770362854 , 1.91116333008
0.867128372192 , 2.45499610901 , 1.75499916077
0.724077224731 , 2.91419029236 , 2.36701965332
0.85711479187 , 1.74593925476 , 1.76405906677
1.63292884827 , 2.09212303162 , 1.72400474548
0.733852386475 , 1.67202949524 , 1.73592567444
0.74291229248 , 1.80912017822 , 3.17907333374
0.73504447937 , 2.56705284119 , 2.42018699646
0.775098800659 , 1.73211097717 , 1.79386138916
0.996112823486 , 3.08895111084 , 1.73902511597
0.714063644409 , 2.94303894043 , 2.17199325562
0.864028930664 , 1.65295600891 , 1.75213813782
1.56879425049 , 2.03609466553 , 1.76811218262
0.916957855225 , 1.78480148315 , 1.75189971924
0.839948654175 , 2.68697738647 , 1.75786018372
0.965118408203 , 2.51698493958 , 2.25400924683
0.788927078247 , 1.71184539795 , 1.76286697388
0.709056854248 , 1.6770362854 , 1.93309783936
0.787019729614 , 1.73306465149 , 2.88391113281
0.789165496826 , 1.76501274109 , 3.51905822754
0.878095626831 , 1.88994407654 , 1.77717208862
0.728130340576 , 1.64818763733 , 1.80912017822
0.71907043457 , 1.65581703186 , 1.80387496948
1.0039806366 , 2.62713432312 , 1.86777114868
0.88095664978 , 1.69205665588 , 1.73878669739
0.880002975464 , 1.70397758484 , 1.73592567444
0.746011734009 , 2.52485275269 , 2.41494178772
0.957012176514 , 2.77304649353 , 1.81698799133
0.770807266235 , 2.03609466553 , 1.75499916077
0.795125961304 , 1.72400474548 , 1.77693367004
0.849962234497 , 1.76000595093 , 1.76000595093
1.03998184204 , 2.40778923035 , 2.15196609497
0.646829605103 , 1.68108940125 , 3.32403182983
0.944852828979 , 1.92999839783 , 1.75380706787
0.753879547119 , 1.72591209412 , 1.91783905029
0.876903533936 , 2.46787071228 , 1.75786018372
1.11413002014 , 2.17413902283 , 1.89518928528
0.753879547119 , 1.72805786133 , 1.80506706238
0.817060470581 , 1.64699554443 , 1.82008743286
0.736951828003 , 2.50506401062 , 2.29001045227
0.840902328491 , 1.69491767883 , 2.00390815735
0.905990600586 , 1.83200836182 , 1.75404548645
0.73504447937 , 1.64198875427 , 1.83606147766
2.02703475952 , 1.82294845581 , 1.78599357605
1.49893760681 , 2.23422050476 , 1.88803672791
0.856876373291 , 1.86896324158 , 2.03990936279
0.763893127441 , 1.68204307556 , 1.72996520996
0.854015350342 , 1.75809860229 , 1.75094604492
0.894069671631 , 2.72798538208 , 1.8208026886
0.791072845459 , 1.93214416504 , 1.73902511597
0.939130783081 , 1.76596641541 , 1.77693367004
2.19392776489 , 1.82700157166 , 1.91807746887
1.42312049866 , 2.05016136169 , 1.76310539246
0.779867172241 , 3.0620098114 , 1.8892288208
0.76699256897 , 1.68991088867 , 1.7671585083
0.785112380981 , 1.69110298157 , 1.7831325531
0.847101211548 , 1.69587135315 , 1.74880027771
0.95796585083 , 1.9428730011 , 1.76000595093
0.829935073853 , 1.75189971924 , 3.26800346375
0.794887542725 , 1.68108940125 , 1.78408622742
0.700950622559 , 1.67798995972 , 1.86419487
0.755071640015 , 1.66296958923 , 1.71613693237
0.936031341553 , 1.97601318359 , 1.83391571045
0.864028930664 , 1.73997879028 , 1.76811218262
0.617980957031 , 1.65987014771 , 1.76692008972
0.730037689209 , 2.01201438904 , 1.85108184814
2.05302238464 , 1.94501876831 , 2.23207473755
0.975131988525 , 2.08306312561 , 2.10404396057
0.731945037842 , 2.29382514954 , 3.40104103088
0.845909118652 , 3.64184379578 , 3.22008132935
0.923871994019 , 2.0809173584 , 2.09093093872
0.765800476074 , 2.05421447754 , 2.4631023407
1.13892555237 , 2.45404243469 , 2.59494781494
1.05094909668 , 3.1840801239 , 2.08902359009
0.865936279297 , 1.99484825134 , 1.93381309509
0.823974609375 , 1.98817253113 , 3.66115570068
1.15084648132 , 2.09498405457 , 1.89399719238
0.756978988647 , 1.94215774536 , 2.07710266113
0.752925872803 , 1.75094604492 , 1.84082984924
0.964164733887 , 2.55107879639 , 2.07209587097
0.752925872803 , 1.94001197815 , 2.88701057434
1.08599662781 , 1.78098678589 , 1.82914733887
0.675916671753 , 1.74307823181 , 1.86014175415
0.776052474976 , 1.78194046021 , 1.79004669189
1.24406814575 , 2.13599205017 , 1.97696685791
0.748872756958 , 1.73592567444 , 2.03800201416
0.694990158081 , 1.94716453552 , 1.80411338806
0.671148300171 , 1.74307823181 , 1.95479393005
0.976085662842 , 3.3860206604 , 1.83391571045
1.51705741882 , 2.05206871033 , 1.82104110718
0.763177871704 , 1.70087814331 , 3.5240650177
0.904083251953 , 1.87611579895 , 1.82199478149
0.711917877197 , 1.80792808533 , 1.87087059021
0.84400177002 , 3.51190567017 , 3.47185134888
0.771999359131 , 1.66082382202 , 1.84202194214
0.778198242188 , 1.87921524048 , 3.18503379822
0.643014907837 , 1.6930103302 , 1.8310546875
0.74291229248 , 1.82294845581 , 1.76906585693
0.648021697998 , 1.70803070068 , 1.8138885498
1.00803375244 , 2.14099884033 , 1.93190574646
0.677108764648 , 1.74999237061 , 2.19798088074
0.694990158081 , 1.87301635742 , 1.82700157166
0.865936279297 , 1.95002555847 , 1.87611579895
0.868082046509 , 1.92189216614 , 1.73902511597
0.735998153687 , 1.72209739685 , 1.78503990173
0.725984573364 , 1.96003913879 , 2.96998023987
1.22904777527 , 1.91593170166 , 1.9998550415
0.72193145752 , 1.76000595093 , 1.96313858032
0.736951828003 , 1.7409324646 , 1.80888175964
1.09910964966 , 2.86412239075 , 1.91688537598
0.718832015991 , 2.00700759888 , 2.86507606506
0.799179077148 , 1.95908546448 , 1.97505950928
0.838994979858 , 1.91688537598 , 1.85990333557
0.808000564575 , 1.85894966125 , 3.67116928101
0.849962234497 , 1.9268989563 , 1.94001197815
0.955820083618 , 3.27587127686 , 2.07686424255
0.914812088013 , 3.11303138733 , 2.37512588501
1.296043396 , 2.53701210022 , 2.78115272522
1.38688087463 , 2.3238658905 , 2.1288394928
0.962972640991 , 2.00200080872 , 2.37011909485
0.952005386353 , 1.99007987976 , 2.05612182617
0.78296661377 , 1.96290016174 , 2.1390914917
0.785112380981 , 1.72686576843 , 1.94787979126
1.03092193604 , 1.9428730011 , 1.91807746887
0.81992149353 , 1.71995162964 , 1.80077552795
0.760078430176 , 1.708984375 , 1.74784660339
1.2571811676 , 2.07185745239 , 1.94382667542
0.890970230103 , 2.75802612305 , 2.02488899231
0.900983810425 , 1.75905227661 , 1.86204910278
0.80394744873 , 1.72400474548 , 1.79600715637
0.817060470581 , 1.74403190613 , 1.79004669189
1.40690803528 , 2.1378993988 , 1.90091133118
0.77486038208 , 2.95615196228 , 1.79696083069
0.810146331787 , 1.77097320557 , 1.85894966125
0.815868377686 , 1.75499916077 , 1.82890892029
0.764846801758 , 1.74617767334 , 1.87110900879
0.653982162476 , 1.78217887878 , 1.81698799133
0.720977783203 , 1.96599960327 , 3.7260055542
0.75888633728 , 1.77979469299 , 1.82294845581
0.836849212646 , 1.81913375854 , 1.81102752686
0.794887542725 , 1.75094604492 , 1.82199478149
0.766038894653 , 1.96886062622 , 2.05683708191
0.958919525146 , 3.05509567261 , 3.42488288879
0.790119171143 , 1.7728805542 , 1.86514854431
0.874996185303 , 1.79409980774 , 1.78194046021
0.79607963562 , 1.93810462952 , 2.28500366211
0.731945037842 , 1.72805786133 , 1.77907943726
0.839948654175 , 3.53908538818 , 1.90401077271
0.818967819214 , 2.90298461914 , 2.56490707397
0.81205368042 , 1.75094604492 , 1.82795524597
0.725030899048 , 1.73115730286 , 1.82199478149
0.704050064087 , 2.0740032196 , 2.22778320312
0.806093215942 , 2.10285186768 , 2.75182723999
0.925064086914 , 2.03108787537 , 1.80792808533
0.730991363525 , 1.77597999573 , 1.84607505798
0.735998153687 , 1.96504592896 , 2.36392021179
1.53708457947 , 2.46405601501 , 2.0968914032
1.30200386047 , 3.11398506165 , 2.15196609497
0.804901123047 , 2.0740032196 , 2.01296806335
0.894069671631 , 2.12097167969 , 2.1059513092
0.760078430176 , 1.96194648743 , 2.61998176575
0.769853591919 , 1.98101997375 , 2.05302238464
2.11405754089 , 2.11691856384 , 2.03013420105
0.763177871704 , 2.08210945129 , 2.89702415466
0.800848007202 , 3.28779220581 , 1.89399719238
1.02806091309 , 2.30598449707 , 1.79004669189
0.931024551392 , 1.81889533997 , 1.76095962524
0.729084014893 , 1.70111656189 , 1.80006027222
1.07884407043 , 2.09903717041 , 1.94501876831
0.763177871704 , 1.93810462952 , 2.92205810547
0.838041305542 , 1.81794166565 , 1.85394287109
0.741004943848 , 1.75285339355 , 1.82294845581
0.92887878418 , 1.85108184814 , 1.78980827332
1.42502784729 , 2.12502479553 , 1.85704231262
0.748157501221 , 1.68800354004 , 1.88016891479
0.820875167847 , 1.70516967773 , 1.85394287109
0.956058502197 , 2.39014625549 , 2.71797180176
0.905990600586 , 2.04992294312 , 2.23803520203
0.715970993042 , 1.76405906677 , 1.8208026886
0.833988189697 , 2.0809173584 , 2.28905677795
0.821113586426 , 3.66282463074 , 2.33101844788
0.793933868408 , 1.96409225464 , 2.09999084473
0.850915908813 , 2.00200080872 , 1.96099281311
1.01494789124 , 2.25400924683 , 2.20084190369
1.19614601135 , 3.4601688385 , 2.11501121521
0.874996185303 , 2.01177597046 , 2.00891494751
0.791072845459 , 1.92880630493 , 2.03084945679
0.698089599609 , 1.71995162964 , 1.80077552795
0.705003738403 , 1.73902511597 , 2.01892852783
1.25598907471 , 5.1441192627 , 2.44498252869
0.756978988647 , 1.72686576843 , 1.80506706238
0.753164291382 , 1.89900398254 , 3.19910049438
0.883102416992 , 2.44808197021 , 1.99699401855
0.777959823608 , 1.73282623291 , 1.85585021973
0.65279006958 , 1.74498558044 , 1.8048286438
0.823020935059 , 2.68697738647 , 2.46500968933
0.971078872681 , 1.88612937927 , 2.366065979
0.751972198486 , 1.70207023621 , 1.82700157166
0.732898712158 , 1.68180465698 , 1.8298625946
1.02019309998 , 3.24010848999 , 1.79505348206
1.13892555237 , 2.19583511353 , 1.82390213013
0.985860824585 , 2.01892852783 , 2.36010551453
0.625848770142 , 1.72519683838 , 1.85012817383
0.792980194092 , 1.94096565247 , 2.11095809937
2.47693061829 , 2.46095657349 , 2.09021568298
0.763893127441 , 1.94907188416 , 2.04515457153
0.754117965698 , 2.1378993988 , 2.90703773499
0.762939453125 , 1.9588470459 , 2.12287902832
0.988960266113 , 2.29501724243 , 2.03084945679
1.2629032135 , 2.22897529602 , 2.15005874634
0.748157501221 , 1.9519329071 , 2.1059513092
0.756978988647 , 1.79982185364 , 2.01201438904
1.60813331604 , 2.28214263916 , 2.08497047424
0.990867614746 , 2.1231174469 , 1.93405151367
0.691175460815 , 1.84488296509 , 1.71804428101
0.684976577759 , 1.70803070068 , 1.73997879028
0.813007354736 , 1.80602073669 , 3.00598144531
0.871181488037 , 2.2919178009 , 2.08306312561
0.679016113281 , 1.72591209412 , 1.79290771484
1.04689598083 , 1.71589851379 , 1.81698799133
0.96607208252 , 3.25417518616 , 1.97792053223
0.846862792969 , 3.71098518372 , 1.74498558044
0.842094421387 , 2.30884552002 , 1.74283981323
0.755071640015 , 1.70087814331 , 1.75380706787
0.748872756958 , 1.81412696838 , 1.76405906677
0.930070877075 , 2.79808044434 , 2.49695777893
0.850915908813 , 2.78687477112 , 2.43401527405
0.821113586426 , 1.91712379456 , 1.98817253113
3.02290916443 , 2.13503837585 , 1.9748210907
1.0039806366 , 2.2451877594 , 1.92904472351
0.762939453125 , 2.16388702393 , 5.45287132263
0.775098800659 , 1.9588470459 , 2.13098526001
0.87308883667 , 1.95693969727 , 1.97196006775
0.834941864014 , 2.90608406067 , 2.66098976135
0.751972198486 , 1.67202949524 , 1.76000595093
0.746011734009 , 3.48401069641 , 2.15291976929
1.95479393005 , 1.90401077271 , 3.47089767456
0.781059265137 , 1.78003311157 , 2.34580039978
1.04904174805 , 1.7409324646 , 1.75714492798
0.774145126343 , 1.69205665588 , 1.91497802734
0.728845596313 , 1.7249584198 , 1.80792808533
1.33681297302 , 1.92093849182 , 1.72901153564
0.885963439941 , 2.10189819336 , 5.73992729187
1.02686882019 , 2.0899772644 , 1.99294090271
0.847101211548 , 1.94692611694 , 2.1710395813
0.795125961304 , 2.42304801941 , 2.36892700195
0.774145126343 , 1.89709663391 , 2.09093093872
0.725030899048 , 4.98294830322 , 2.28595733643
1.55305862427 , 2.0740032196 , 2.25210189819
0.79607963562 , 3.21102142334 , 4.29511070251
1.01089477539 , 1.75404548645 , 1.74117088318
0.819206237793 , 1.68991088867 , 2.01487541199
1.16896629333 , 3.42988967896 , 1.89399719238
0.653028488159 , 1.71184539795 , 1.87587738037
0.702857971191 , 1.73592567444 , 1.79600715637
1.44410133362 , 1.78289413452 , 1.81603431702
0.76699256897 , 1.8630027771 , 5.0311088562
0.692844390869 , 1.84917449951 , 1.78599357605
0.938892364502 , 1.82509422302 , 2.22396850586
1.31106376648 , 3.63206863403 , 1.95407867432
0.725030899048 , 1.72591209412 , 1.85990333557
0.907182693481 , 2.7060508728 , 1.93786621094
1.20902061462 , 2.46000289917 , 2.02012062073
0.798940658569 , 1.71494483948 , 2.09784507751
0.736951828003 , 1.71589851379 , 1.94406509399
0.778913497925 , 2.01082229614 , 2.10285186768
0.811100006104 , 2.1231174469 , 2.05707550049
0.763177871704 , 1.95789337158 , 2.01392173767
0.900983810425 , 3.48281860352 , 2.03990936279
0.791072845459 , 2.02918052673 , 4.2450428009
0.843048095703 , 1.95288658142 , 2.38990783691
0.84400177002 , 2.03418731689 , 2.01392173767
0.90217590332 , 2.02512741089 , 2.032995224
0.712871551514 , 2.01320648193 , 2.02989578247
0.831127166748 , 1.93500518799 , 2.08711624146
0.993013381958 , 3.17215919495 , 3.0779838562
0.837087631226 , 1.95097923279 , 2.02298164368
0.884056091309 , 4.62889671326 , 2.07185745239
0.971078872681 , 2.34699249268 , 2.03919410706
0.754117965698 , 1.97792053223 , 2.37083435059
0.799894332886 , 1.97219848633 , 2.19798088074
0.845909118652 , 2.07304954529 , 2.25210189819
0.78296661377 , 2.01916694641 , 2.96592712402
0.783920288086 , 1.9690990448 , 2.18200683594
0.80394744873 , 1.92189216614 , 2.06017494202
1.42979621887 , 2.4778842926 , 2.01797485352
1.0712146759 , 3.39317321777 , 2.17795372009
0.756978988647 , 1.84082984924 , 1.80888175964
0.694036483765 , 1.75714492798 , 1.9850730896
0.800132751465 , 1.77788734436 , 1.87611579895
0.720024108887 , 1.69491767883 , 1.77001953125
2.04181671143 , 1.97005271912 , 2.366065979
0.813007354736 , 1.87110900879 , 1.94215774536
0.802993774414 , 2.01392173767 , 1.79100036621
0.770092010498 , 1.72901153564 , 3.72004508972
0.818967819214 , 1.99604034424 , 2.05588340759
1.05214118958 , 2.82907485962 , 2.10189819336
0.813007354736 , 1.97696685791 , 2.03990936279
0.907182693481 , 3.43704223633 , 2.0740032196
0.779867172241 , 2.4311542511 , 2.00891494751
0.972032546997 , 2.02488899231 , 2.5429725647
0.779867172241 , 1.95693969727 , 2.07591056824
0.845909118652 , 2.09093093872 , 2.14600563049
0.772953033447 , 2.59900093079 , 2.85220146179
1.38306617737 , 2.36701965332 , 2.35390663147
1.9199848175 , 2.32100486755 , 2.19202041626
0.967979431152 , 2.32291221619 , 2.18987464905
2.6330947876 , 3.40604782104 , 2.92420387268
0.854015350342 , 2.14505195618 , 2.15315818787
0.860929489136 , 3.13591957092 , 2.03800201416
0.892877578735 , 1.91903114319 , 1.87301635742
0.782012939453 , 1.81198120117 , 3.65614891052
0.79083442688 , 1.75905227661 , 1.85298919678
0.72193145752 , 1.79290771484 , 1.78790092468
0.751972198486 , 1.7421245575 , 1.90401077271
0.811100006104 , 1.74593925476 , 1.7728805542
0.685930252075 , 1.72305107117 , 1.89113616943
0.90479850769 , 1.99699401855 , 2.08806991577
0.852823257446 , 2.14099884033 , 2.06589698792
0.73504447937 , 2.53295898438 , 2.33697891235
0.760078430176 , 1.9838809967 , 2.14290618896
1.70397758484 , 2.11000442505 , 2.0010471344
1.52587890625 , 2.445936203 , 2.15601921082
0.847816467285 , 3.43585014343 , 2.11811065674
0.865936279297 , 1.99484825134 , 2.09903717041
0.91814994812 , 2.01201438904 , 2.4139881134
0.946998596191 , 2.17700004578 , 3.10611724854
0.765085220337 , 2.00581550598 , 2.06303596497
0.801801681519 , 1.94001197815 , 2.08187103271
0.804901123047 , 3.0620098114 , 2.29692459106
0.991821289062 , 3.17001342773 , 2.07304954529
0.860929489136 , 2.03490257263 , 2.00510025024
0.793933868408 , 2.19798088074 , 3.35192680359
0.795841217041 , 1.94311141968 , 2.35795974731
0.975847244263 , 2.06899642944 , 2.00819969177
1.09887123108 , 2.29382514954 , 2.1378993988
0.768899917603 , 1.94001197815 , 2.06613540649
3.00002098083 , 2.02107429504 , 2.01177597046
0.838994979858 , 1.88899040222 , 1.95097923279
0.817060470581 , 1.91688537598 , 2.32195854187
0.858068466187 , 1.99604034424 , 2.01296806335
0.937938690186 , 2.24900245667 , 2.00414657593
1.42407417297 , 2.21800804138 , 2.01296806335
0.788927078247 , 1.9850730896 , 2.01606750488
0.977993011475 , 2.93493270874 , 2.01201438904
0.967979431152 , 2.07304954529 , 2.01487541199
0.793933868408 , 2.15196609497 , 4.24003601074
0.756978988647 , 1.73282623291 , 1.77407264709
0.792980194092 , 1.77097320557 , 1.79195404053
1.01900100708 , 3.80110740662 , 1.71399116516
0.782012939453 , 1.70278549194 , 1.75189971924
0.790119171143 , 1.69706344604 , 1.99913978577
0.638961791992 , 1.70278549194 , 1.8150806427
0.825881958008 , 1.80506706238 , 1.89900398254
0.831127166748 , 1.77907943726 , 1.75380706787
0.755071640015 , 1.92785263062 , 1.97196006775
0.906944274902 , 3.13210487366 , 2.14004516602
0.831127166748 , 2.69794464111 , 2.27618217468
0.97393989563 , 1.96719169617 , 1.96099281311
0.79607963562 , 2.05898284912 , 2.02298164368
0.819206237793 , 1.97601318359 , 2.05087661743
0.753164291382 , 1.94001197815 , 2.02894210815
0.949144363403 , 2.20489501953 , 2.02703475952
0.805139541626 , 2.01201438904 , 2.30407714844
0.782012939453 , 1.9359588623 , 2.01892852783
