[INFO] Init Queue
[INFO] Init Cam
[INFO] elasped time: 0.13
[INFO] approx. FPS: 7.50
[INFO] sampling THREADED frames from `picamera` module...
I2C am Start
     0      0      0
     0      0      0
     0      0      0
     0      0      0
     0      0      0
     0      0      0
     0      0      0
     0      0      0
     0      0      0
   386    528   7962
   832   1072  15926
   892   1090  15956
   892   1098  15990
   902   1110  15992
   924   1116  15996
   940   1116  15998
   940   1118  16000
   940   1126  16000
   940   1126  16002
   944   1134  16004
   944   1126  16004
   946   1122  16008
   948   1122  16018
   946   1128  16008
   946   1128  16008
   946   1128  16010
   946   1128  16010
   948   1122  16018
   946   1118  16024
   944   1122  16024
   944   1128  16024
   944   1128  16022
   944   1136  16024
   944   1136  16024
   944   1136  16024
   944   1142  16024
   946   1136  16024
   946   1128  16024
   946   1128  16024
   944   1120  16022
   946   1124  16022
   944   1120  16020
   944   1118  16016
   946   1110  16020
   948   1108  16020
   948   1108  16022
   948   1108  16022
   946   1110  16020
   948   1118  16018
   948   1116  16014
   946   1110  16018
   946   1104  16014
   944   1104  16010
   942   1104  16000
   942   1110  16000
   942   1110  15992
   938   1116  15992
   940   1118  15992
   944   1118  15996
   946   1122  16006
   940   1122  15996
   942   1124  16006
   938   1124  16008
   938   1124  16002
   938   1124  16010
   942   1124  16002
   944   1124  16002
   944   1124  16002
   942   1122  16010
   942   1124  16012
   942   1124  16012
   942   1124  16018
   942   1124  16018
   942   1124  16018
   942   1124  16012
   942   1120  16016
   942   1116  16012
   938   1116  16012
   938   1116  16012
   938   1116  16012
   938   1112  16016
   936   1112  16014
   936   1112  16014
   936   1116  16016
   936   1116  16016
   936   1116  16016
   936   1110  16018
   936   1110  16016
   936   1116  16016
   936   1110  16018
   936   1108  16016
   934   1114  16016
   936   1114  16016
   938   1114  16016
   938   1110  16018
   936   1114  16018
   938   1114  16018
   938   1114  16018
   938   1116  16018
   938   1116  16016
   940   1116  16018
   946   1116  16022
   954   1116  16022
   946   1116  16022
   940   1116  16022
   946   1116  16016
   942   1116  16004
   944   1118  16006
   944   1116  16002
   944   1116  16002
   948   1116  16006
   954   1116  16010
   952   1116  16006
   948   1112  16006
   948   1110  16004
   952   1110  16006
   954   1104  16010
   956   1110  16014
   956   1110  16014
   956   1118  16014
   956   1114  16012
   956   1114  16010
   954   1120  16006
   954   1116  16010
   956   1116  16010
   956   1118  16012
   958   1122  16014
   960   1122  16016
   960   1122  16016
   960   1124  16016
   960   1124  16016
   960   1124  16016
   960   1124  16016
   960   1124  16016
   960   1124  16028
   962   1122  16016
   960   1124  16016
   960   1124  16016
   958   1122  16016
   954   1122  16016
   946   1122  16016
   942   1122  16016
   940   1122  16018
   940   1126  16018
   940   1126  16018
   936   1122  16018
   936   1126  16022
   936   1124  16022
   940   1124  16022
   940   1124  16024
   940   1124  16026
   936   1124  16024
   940   1124  16024
   940   1128  16024
   940   1128  16024
   940   1128  16024
   940   1128  16024
   940   1124  16024
   944   1124  16022
   944   1124  16022
   940   1124  16022
   940   1120  16022
   940   1120  16018
   950   1120  16018
   954   1124  16018
   954   1124  16018
   954   1120  16014
   952   1124  16010
   942   1130  16010
   942   1130  16006
   942   1130  16006
   948   1126  16004
   948   1120  16004
   942   1120  16002
   940   1120  16000
   940   1126  16000
   940   1126  16002
   940   1132  16002
   940   1132  16002
   940   1126  15998
   940   1124  15998
   940   1126  15998
   944   1126  15994
   940   1118  15994
   936   1114  15994
   940   1118  15994
   936   1122  15994
   936   1122  16000
   934   1120  16004
   938   1120  16006
   932   1122  16006
   932   1122  16008
   930   1124  16010
   932   1124  16012
   930   1124  16012
   930   1124  16010
   930   1124  16010
   930   1122  16012
   926   1122  16012
   926   1124  16014
   930   1124  16016
   934   1124  16016
   934   1124  16016
   936   1128  16018
   938   1128  16018
   936   1128  16018
   938   1124  16018
   940   1124  16016
   942   1124  16018
   940   1124  16018
   942   1124  16018
   942   1124  16014
   944   1128  16010
   942   1122  16006
   944   1122  16010
   942   1122  16014
   940   1122  16016
   940   1120  16016
   942   1132  16016
   944   1120  16016
   944   1128  16010
   944   1116  16016
   944   1116  16014
   946   1108  16018
   948   1116  16030
   948   1116  16030
   946   1124  16032
   948   1124  16032
   948   1124  16036
   948   1116  16036
   946   1116  16036
   946   1124  16036
   946   1124  16036
   946   1124  16036
   942   1124  16032
   942   1124  16032
   946   1124  16030
   946   1128  16022
   946   1124  16020
   942   1128  16020
   942   1128  16020
   938   1128  16020
   942   1132  16026
   942   1136  16020
   942   1132  16012
   942   1136  16010
   942   1132  16010
   942   1130  16010
   938   1132  16010
   938   1136  16014
   948   1136  16020
   958   1140  16024
   948   1140  16024
   948   1136  16024
   958   1136  16020
   958   1136  16020
   948   1140  16022
   938   1136  16024
   936   1138  16026
   938   1138  16026
   942   1138  16026
   948   1138  16028
   942   1138  16022
   942   1134  16028
   942   1134  16028
   946   1134  16032
   946   1134  16028
   946   1134  16024
   946   1126  16022
   942   1126  16022
   942   1120  16018
   942   1120  16018
   946   1120  16018
   946   1126  16022
   942   1120  16024
   940   1124  16024
   940   1116  16024
   940   1116  16024
   946   1116  16024
   940   1106  16024
   936   1116  16024
   936   1116  16024
   942   1110  16024
   938   1110  16024
   936   1114  16024
   936   1114  16024
   936   1114  16024
   936   1118  16024
   938   1122  16024
   938   1122  16022
   938   1122  16024
   936   1122  16022
   936   1114  16024
   938   1114  16022
   938   1122  16018
   940   1122  16022
   944   1122  16022
   952   1130  16018
   952   1130  16016
   952   1130  16016
   952   1122  16016
   952   1128  16016
   946   1128  16016
   950   1130  16016
   954   1130  16016
   954   1128  16016
   950   1128  16012
   948   1128  16016
   948   1126  16016
   950   1126  16018
   950   1128  16016
   952   1128  16016
   952   1128  16016
   950   1128  16016
   950   1126  16018
   948   1126  16018
   948   1126  16020
   948   1126  16022
   948   1122  16024
   948   1122  16024
   948   1122  16024
   948   1118  16022
   948   1118  16024
   948   1114  16022
   944   1118  16024
   944   1120  16024
   936   1120  16024
   944   1118  16024
   944   1116  16018
   944   1116  16016
   936   1116  16016
   936   1116  16018
   944   1116  16016
   942   1116  16016
   942   1120  16016
   946   1116  16016
   946   1116  16016
   942   1110  16016
   936   1114  16016
   936   1130  16014
   936   1130  16016
   932   1130  16016
   932   1124  16016
   932   1122  16014
   934   1106  16014
   934   1106  16012
   940   1124  16014
   934   1124  16014
   932   1128  16016
   932   1128  16016
   934   1126  16016
   934   1116  16014
   934   1116  16014
   934   1116  16012
   938   1112  16014
   934   1116  16014
   938   1116  16012
   942   1116  16012
   942   1112  16012
   938   1112  16014
   942   1112  16010
   944   1112  16014
   944   1116  16014
   944   1116  16014
   944   1118  16018
   946   1116  16030
   946   1112  16030
   948   1112  16030
   948   1110  16032
   950   1110  16032
   952   1110  16040
   952   1110  16048
   952   1110  16052
   952   1116  16052
   954   1116  16052
   956   1116  16052
   954   1116  16052
   954   1120  16048
   954   1120  16048
   954   1116  16042
   952   1120  16042
   952   1120  16042
   952   1120  16040
   952   1130  16040
   952   1140  16038
   952   1140  16032
   950   1140  16032
   950   1140  16028
   952   1140  16032
   950   1140  16030
   950   1140  16024
   956   1140  16018
   956   1140  16014
   960   1136  16014
   956   1136  16014
   956   1130  16012
   956   1130  16014
   956   1130  16020
   960   1130  16020
   960   1134  16020
   960   1130  16018
   958   1130  16018
   958   1130  16018
   960   1126  16022
   958   1126  16024
   954   1128  16024
   958   1128  16022
   958   1130  16024
   954   1130  16024
   954   1126  16022
   954   1130  16018
   954   1130  16022
   952   1130  16022
   952   1130  16022
   952   1130  16024
   952   1134  16026
   954   1130  16024
   954   1126  16024
   954   1126  16024
   954   1126  16026
   954   1126  16030
   954   1122  16026
   954   1122  16024
   950   1122  16024
   954   1122  16024
   954   1122  16024
   954   1122  16026
   954   1122  16026
   954   1118  16026
   954   1118  16026
   954   1114  16028
   952   1114  16028
   952   1114  16028
   950   1118  16028
   950   1120  16026
   950   1118  16020
   946   1120  16026
   950   1120  16020
   946   1120  16026
   950   1120  16026
   952   1134  16020
   952   1148  16012
   952   1148  16016
   954   1148  16016
   954   1148  16016
   956   1140  16012
   956   1140  16008
   954   1140  16008
   954   1152  16008
   954   1152  16008
   952   1152  16008
   950   1152  16012
   950   1148  16016
   954   1140  16016
   954   1126  16016
   954   1126  16020
   954   1126  16012
   950   1140  16012
   950   1146  16012
   946   1138  16012
   946   1124  16012
   946   1118  16018
   946   1124  16012
   944   1124  16002
   940   1124  16012
   938   1130  16020
   938   1124  16022
   938   1124  16020
   938   1124  16020
   938   1130  16020
   944   1130  16012
   954   1130  16012
   954   1132  16012
   944   1132  16020
   942   1138  16020
   936   1138  16012
   936   1132  16020
   932   1132  16020
   932   1132  16024
   942   1134  16028
   940   1136  16036
   940   1136  16036
   932   1142  16036
   940   1136  16036
   940   1136  16034
   940   1144  16034
   940   1150  16034
   938   1150  16034
   928   1142  16034
   938   1142  16034
   938   1142  16034
   930   1136  16032
   930   1136  16032
   938   1136  16032
   938   1136  16032
   938   1136  16032
   938   1136  16020
   940   1126  16018
   942   1126  16018
   942   1112  16018
   946   1108  16018
   946   1108  16006
   946   1108  16002
   950   1112  16006
   950   1108  16016
   950   1108  16026
   952   1108  16026
   962   1108  16028
   962   1106  16030
   964   1104  16034
   952   1104  16034
   952   1106  16032
   962   1106  16028
   952   1108  16026
   954   1108  16028
   954   1108  16032
   954   1106  16032
   948   1110  16032
   946   1110  16026
   946   1110  16026
   942   1116  16024
   942   1120  16024
   944   1120  16024
   942   1116  16024
   944   1116  16022
   942   1110  16020
   942   1110  16018
   942   1106  16018
   944   1110  16018
   942   1116  16012
   944   1112  16008
   946   1112  16008
   946   1110  16006
   948   1108  16006
   950   1108  16002
   954   1114  16002
   954   1118  16002
   954   1118  16002
   958   1120  15998
   960   1124  15998
   960   1124  15994
   960   1130  15994
   960   1126  15994
   960   1126  15998
   954   1136  15998
   960   1136  15998
   960   1136  16000
   954   1136  16000
   954   1136  16000
   954   1134  15998
   954   1134  16000
   948   1136  15998
   948   1136  15998
   944   1138  15998
   944   1138  15998
   944   1136  15998
   948   1134  16000
   950   1132  16004
   946   1132  16004
   944   1128  16008
   946   1122  16008
   946   1120  16008
   940   1122  16008
   946   1122  16004
   950   1122  16004
   950   1120  16008
   950   1122  16004
   950   1124  16004
   950   1124  16008
   952   1124  16008
   950   1128  16008
   950   1124  16008
   946   1122  16008
   946   1120  16008
   946   1120  16008
   946   1120  16008
   942   1120  16006
   938   1120  16004
   940   1120  16006
   942   1122  16006
   940   1122  16010
   940   1126  16010
   942   1122  16012
   942   1126  16012
   940   1124  16012
   938   1124  16012
   938   1120  16012
   940   1118  16012
   938   1118  16014
   938   1114  16014
   940   1114  16014
   942   1118  16014
   944   1120  16016
   944   1122  16018
   944   1126  16018
   944   1122  16016
   944   1122  16018
   944   1126  16018
   944   1126  16020
   938   1122  16018
   944   1124  16018
   944   1124  16014
   944   1124  16012
   944   1122  16012
   944   1124  16014
   944   1126  16016
   944   1126  16016
   944   1126  16016
   944   1126  16016
   944   1126  16020
   942   1128  16016
   934   1128  16012
   934   1130  16010
   940   1126  16008
   940   1126  16010
   934   1130  16012
   934   1126  16010
   934   1124  16012
   940   1124  16010
   942   1128  16010
   940   1128  16010
   934   1128  16012
   934   1128  16014
   928   1128  16018
   928   1120  16018
   932   1120  16018
   930   1128  16014
   928   1124  16018
   930   1124  16014
   928   1128  16012
   930   1128  16014
   934   1128  16014
   934   1120  16014
   934   1118  16014
   934   1118  16014
   948   1110  16012
   948   1110  16014
   960   1118  16014
   960   1118  16018
   952   1118  16020
   952   1126  16020
   954   1126  16018
   960   1126  16020
   960   1130  16020
   960   1132  16016
   954   1130  16016
   962   1130  16016
   962   1130  16014
   962   1130  16018
   962   1132  16024
   954   1130  16024
   946   1130  16028
   946   1130  16028
   946   1130  16028
   942   1130  16028
   938   1130  16028
   942   1134  16028
   942   1130  16022
   942   1130  16018
   938   1128  16014
   940   1126  16010
   938   1126  16018
   938   1126  16010
   940   1120  16010
   942   1108  16016
   946   1108  16016
   946   1108  16018
   952   1118  16026
   952   1120  16026
   956   1120  16018
   956   1120  16016
   956   1120  16010
   956   1122  16010
   960   1126  16016
   960   1122  16016
   960   1126  16016
   956   1126  16016
   956   1128  16016
   956   1128  16016
   960   1126  16026
   960   1126  16026
   960   1126  16026
   958   1126  16028
   956   1126  16028
   956   1126  16018
   956   1128  16018
   956   1130  16014
   952   1128  16010
   946   1128  16010
   942   1128  16006
   934   1130  16008
   944   1128  16008
   944   1130  16008
   938   1130  16006
   938   1132  16006
   938   1130  16008
   942   1126  16008
   942   1122  16014
   938   1118  16004
   938   1122  16000
   942   1118  16000
   946   1116  15998
   942   1116  15998
   946   1118  16000
   946   1126  16004
   946   1118  16004
   946   1112  16008
   946   1118  16008
   946   1112  16008
   948   1112  16008
   948   1112  16004
   948   1118  16016
   946   1118  16020
   946   1118  16024
   946   1112  16024
   948   1108  16024
   948   1114  16022
   946   1114  16018
   946   1114  16018
   944   1114  16018
   944   1114  16018
   944   1122  16018
   946   1128  16012
   944   1114  16012
   944   1114  16008
   946   1118  16008
   944   1120  16004
   944   1120  16006
   944   1128  16006
   944   1122  16006
   946   1122  16008
   944   1122  16006
   946   1124  16002
   950   1124  16000
   950   1124  16000
   944   1128  16000
   944   1124  16000
   950   1128  16000
   950   1128  16000
   952   1128  16000
   952   1128  16002
   952   1126  16002
   952   1126  16006
   952   1128  16006
   952   1126  16016
   952   1126  16026
   952   1128  16026
   952   1128  16026
   952   1126  16028
   952   1126  16032
   952   1120  16028
   952   1120  16028
   952   1112  16028
   952   1120  16028
   952   1120  16028
   952   1112  16028
   952   1108  16028
   946   1108  16028
   946   1108  16024
   946   1108  16024
   946   1120  16020
   952   1122  16024
   952   1122  16022
   952   1110  16022
   954   1110  16022
   952   1120  16022
   952   1110  16022
   946   1110  16022
   952   1116  16022
   952   1124  16022
   956   1130  16024
   956   1124  16026
   948   1128  16030
   942   1128  16032
   946   1128  16032
   950   1128  16032
   950   1128  16032
   952   1124  16032
   952   1120  16032
   954   1120  16032
   952   1116  16032
   952   1120  16030
   950   1114  16030
   950   1114  16030
   950   1120  16026
   952   1120  16026
   952   1122  16026
   952   1120  16030
   952   1122  16026
   952   1122  16024
   952   1114  16024
   954   1114  16018
   956   1114  16010
   956   1114  16006
   958   1122  16006
   958   1122  16006
   960   1124  16010
   958   1124  16010
   960   1124  16008
   960   1124  16008
   960   1124  16008
   960   1124  16020
   962   1124  16032
   960   1126  16020
   960   1126  16028
   960   1124  16020
   960   1126  16006
   960   1126  15998
   960   1126  15998
   960   1124  16006
   956   1124  16000
   956   1124  16006
   952   1122  16020
   950   1118  16032
   950   1118  16034
   952   1122  16034
   950   1118  16034
   950   1122  16020
   950   1124  16020
   948   1124  16030
   950   1124  16030
   952   1120  16022
   950   1118  16022
   952   1118  16028
   952   1120  16028
   952   1120  16028
   954   1120  16028
   958   1124  16030
   958   1120  16030
   962   1124  16028
   962   1128  16028
   960   1128  16028
   960   1128  16022
   964   1128  16022
   960   1132  16018
   960   1126  16014
   960   1132  16014
   960   1132  16018
   952   1126  16018
   952   1126  16018
   952   1132  16020
   946   1132  16020
   946   1134  16016
   946   1130  16012
   936   1134  16012
   930   1134  16006
   930   1130  16006
   930   1130  16006
   928   1134  16006
   928   1130  15998
   930   1128  15994
   936   1128  16000
   942   1128  16006
   936   1130  16000
   936   1130  16000
   936   1130  16006
   936   1128  16006
   942   1128  16006
   946   1128  16006
   944   1128  16000
   936   1128  15998
   936   1128  16000
   938   1126  16000
   934   1126  16006
   934   1120  16006
   938   1124  16018
   938   1124  16026
   938   1124  16022
   940   1120  16022
   938   1120  16028
   938   1124  16028
   938   1124  16028
   938   1130  16024
   940   1124  16024
   940   1124  16024
   942   1124  16024
   950   1130  16024
   942   1124  16024
   942   1126  16024
   942   1126  16028
   950   1126  16028
   950   1130  16024
   954   1134  16024
   956   1134  16024
   956   1134  16020
   962   1134  16018
   972   1130  16018
   976   1128  16020
   966   1130  16024
   966   1134  16020
   956   1130  16018
   966   1130  16024
   958   1128  16024
   968   1128  16024
   968   1130  16024
   968   1130  16020
   958   1130  16020
   958   1130  16020
   954   1132  16018
   956   1130  16018
   954   1128  16018
   954   1128  16018
   954   1126  16022
   952   1124  16018
   954   1126  16018
   952   1126  16018
   952   1126  16016
   948   1128  16016
   948   1128  16016
   948   1128  16018
   952   1128  16022
   952   1126  16022
   952   1128  16022
   948   1126  16020
   952   1124  16012
   948   1124  16016
   948   1122  16012
   948   1122  16004
   944   1122  16012
   942   1124  16004
   942   1126  16012
   942   1126  16012
   942   1128  16012
   942   1130  16012
   940   1130  16012
   942   1134  16016
   940   1134  16026
   942   1130  16018
   942   1128  16018
   948   1128  16012
   946   1128  16004
   942   1128  16000
   940   1126  16004
   942   1130  16000
   940   1132  16008
   940   1132  16000
   938   1132  16000
   938   1132  16010
   938   1128  16010
   938   1122  16014
   938   1122  16014
   934   1128  16022
   932   1128  16014
   932   1122  16014
   932   1122  16018
   932   1118  16012
   932   1122  16012
   932   1122  16012
   932   1128  16012
   932   1128  16012
   932   1132  16020
   932   1134  16020
   932   1138  16020
   932   1142  16024
   932   1138  16024
   932   1142  16024
   932   1142  16024
   928   1142  16024
   928   1142  16024
   928   1144  16024
   926   1144  16024
   930   1142  16024
   930   1140  16024
   930   1140  16024
   930   1132  16024
   932   1134  16024
   930   1134  16024
   932   1140  16